100.000000
0.000000 0.000000 0.000000 0.000000 0.000000 0.000000 
0.033761 -0.024605 -0.032235 -0.514801 0.016594 0.000191 
0.033761 -0.024605 -0.032235 -0.514801 0.016594 0.000191 
0.033761 -0.025368 -0.032235 -0.514801 0.016594 0.000191 
0.033761 -0.028419 -0.026512 -0.513275 0.016594 0.000191 
0.033761 -0.033761 -0.026894 -0.513657 0.016594 0.000191 
0.033761 -0.037957 -0.024986 -0.513657 0.016594 0.000191 
0.033761 -0.044061 -0.024223 -0.513657 0.016594 0.000191 
0.033761 -0.049401 -0.024223 -0.514038 0.016594 0.000191 
0.033761 -0.055123 -0.023460 -0.514038 0.016594 0.000191 
0.033761 -0.058938 -0.023460 -0.514038 0.016594 0.000191 
0.033761 -0.060464 -0.023460 -0.514038 0.016594 0.000191 
0.033761 -0.061608 -0.023460 -0.514038 0.016594 0.000191 
0.033761 -0.063516 -0.023842 -0.514038 0.016594 0.000191 
0.033761 -0.065804 -0.024223 -0.514038 0.016594 0.000191 
0.033761 -0.066567 -0.024223 -0.514038 0.016594 0.000191 
0.033761 -0.066567 -0.024605 -0.514038 0.016594 0.000191 
0.033761 -0.067330 -0.024605 -0.514038 0.016594 0.000191 
0.033761 -0.067712 -0.024605 -0.514038 0.016594 0.000191 
0.033761 -0.067712 -0.024223 -0.514038 0.016594 0.000191 
0.033761 -0.067712 -0.024223 -0.514038 0.016594 0.000191 
0.033761 -0.067712 -0.024223 -0.514038 0.016594 0.000191 
0.033761 -0.067712 -0.024223 -0.514038 0.016594 0.000191 
0.033761 -0.067712 -0.024223 -0.514038 0.016594 0.000191 
0.033761 -0.067712 -0.024223 -0.514038 0.016594 0.000191 
0.033761 -0.067712 -0.024223 -0.514038 0.016594 0.000191 
0.033761 -0.067712 -0.024223 -0.514038 0.016594 0.000191 
0.033761 -0.067712 -0.024223 -0.514038 0.016594 0.000191 
0.033761 -0.067712 -0.024223 -0.514038 0.016594 0.000191 
0.033761 -0.067712 -0.024223 -0.514038 0.016594 0.000191 
0.033761 -0.067712 -0.024223 -0.514038 0.016594 0.000191 
0.033761 -0.067712 -0.024223 -0.514038 0.016594 0.000191 
0.033761 -0.067712 -0.024223 -0.514038 0.016594 0.000191 
0.033761 -0.067712 -0.024223 -0.514038 0.016594 0.000191 
0.033761 -0.067712 -0.024223 -0.514038 0.016594 0.000191 
0.033761 -0.067712 -0.024223 -0.514038 0.016594 0.000191 
0.033761 -0.067712 -0.024223 -0.514038 0.016594 0.000191 
0.033761 -0.067712 -0.024223 -0.514038 0.016594 0.000191 
0.033761 -0.067712 -0.024223 -0.514038 0.016594 0.000191 
0.033761 -0.067712 -0.024223 -0.514038 0.016594 0.000191 
0.033761 -0.067712 -0.024223 -0.514038 0.016594 0.000191 
0.033761 -0.067712 -0.024223 -0.514038 0.016594 0.000191 
0.033761 -0.067712 -0.024223 -0.514038 0.016594 0.000191 
0.033761 -0.067712 -0.024223 -0.514038 0.016594 0.000191 
0.033761 -0.067712 -0.024223 -0.514038 0.016594 0.000191 
0.033761 -0.067712 -0.024223 -0.514038 0.016594 0.000191 
0.033761 -0.067712 -0.024223 -0.514038 0.016594 0.000191 
0.033761 -0.067712 -0.024223 -0.514038 0.016594 0.000191 
0.033761 -0.067712 -0.024223 -0.514038 0.016594 0.000191 
0.033761 -0.067712 -0.024223 -0.514038 0.016594 0.000191 
0.033761 -0.067712 -0.024223 -0.514038 0.016594 0.000191 
0.033761 -0.067712 -0.024223 -0.514038 0.016594 0.000191 
0.033761 -0.067712 -0.024223 -0.514038 0.016594 0.000191 
0.033761 -0.067712 -0.024223 -0.514038 0.016594 0.000191 
0.033761 -0.067712 -0.024223 -0.514038 0.016594 0.000191 
0.033761 -0.067712 -0.024223 -0.514038 0.016594 0.000191 
0.033761 -0.067712 -0.024223 -0.514038 0.016594 0.000191 
0.033761 -0.067712 -0.024223 -0.514038 0.016594 0.000191 
0.033761 -0.067712 -0.024223 -0.514038 0.016594 0.000191 
0.033761 -0.067712 -0.024223 -0.514038 0.016594 0.000191 
0.033761 -0.067712 -0.024223 -0.514038 0.016594 0.000191 
0.033761 -0.067712 -0.024223 -0.514038 0.016594 0.000191 
0.033761 -0.067712 -0.024223 -0.514038 0.016594 0.000191 
0.033761 -0.067712 -0.024223 -0.514038 0.016594 0.000191 
0.033761 -0.067712 -0.024223 -0.514038 0.016594 0.000191 
0.033761 -0.067712 -0.024223 -0.514038 0.016594 0.000191 
0.033761 -0.067712 -0.024223 -0.514038 0.016594 0.000191 
0.033761 -0.067712 -0.024223 -0.514038 0.016594 0.000191 
0.033761 -0.067712 -0.024223 -0.514038 0.016594 0.000191 
0.033761 -0.067712 -0.024223 -0.514038 0.016594 0.000191 
0.033761 -0.067712 -0.024223 -0.514038 0.016594 0.000191 
0.033761 -0.067712 -0.024223 -0.514038 0.016594 0.000191 
0.033761 -0.067712 -0.024223 -0.514038 0.016594 0.000191 
0.033761 -0.067712 -0.024223 -0.514038 0.016594 0.000191 
0.033761 -0.067712 -0.024223 -0.514038 0.016594 0.000191 
0.033761 -0.067712 -0.024223 -0.514038 0.016594 0.000191 
0.033761 -0.067712 -0.024223 -0.514038 0.016594 0.000191 
0.033761 -0.067712 -0.024223 -0.514038 0.016594 0.000191 
0.033761 -0.067712 -0.024223 -0.514038 0.016594 0.000191 
0.033761 -0.067712 -0.024223 -0.514038 0.016594 0.000191 
0.033761 -0.067712 -0.024223 -0.514038 0.016594 0.000191 
0.033761 -0.067712 -0.024223 -0.514038 0.016594 0.000191 
0.033761 -0.067712 -0.024223 -0.514038 0.016594 0.000191 
0.033761 -0.067712 -0.024223 -0.514038 0.016594 0.000191 
0.033761 -0.067712 -0.024223 -0.514038 0.016594 0.000191 
0.033761 -0.067712 -0.024223 -0.514038 0.016594 0.000191 
0.033761 -0.067712 -0.024223 -0.514038 0.016594 0.000191 
0.033761 -0.067712 -0.024223 -0.514038 0.016594 0.000191 
0.033761 -0.067712 -0.024223 -0.514038 0.016594 0.000191 
0.033761 -0.067712 -0.024223 -0.514038 0.016594 0.000191 
0.033761 -0.067712 -0.024223 -0.514038 0.016594 0.000191 
0.033761 -0.067712 -0.024223 -0.514038 0.016594 0.000191 
0.033761 -0.067712 -0.024223 -0.514038 0.016594 0.000191 
0.033761 -0.067712 -0.024223 -0.514038 0.016594 0.000191 
0.033761 -0.067712 -0.024223 -0.514038 0.016594 0.000191 
0.033761 -0.067712 -0.024223 -0.514038 0.016594 0.000191 
0.033761 -0.067712 -0.024223 -0.514038 0.016594 0.000191 
0.033761 -0.067712 -0.024223 -0.514038 0.016594 0.000191 
0.033761 -0.067712 -0.024223 -0.514038 0.016594 0.000191 
0.033761 -0.067712 -0.024223 -0.514038 0.016594 0.000191 
0.033761 -0.067712 -0.024223 -0.514038 0.016594 0.000191 
0.033761 -0.067712 -0.024223 -0.514038 0.016594 0.000191 
0.033761 -0.067712 -0.024223 -0.514038 0.016594 0.000191 
0.033761 -0.067712 -0.024223 -0.514038 0.016594 0.000191 
0.033761 -0.067712 -0.024223 -0.514038 0.016594 0.000191 
0.033761 -0.067712 -0.024223 -0.514038 0.016594 0.000191 
0.033761 -0.067712 -0.024223 -0.514038 0.016594 0.000191 
0.033761 -0.067712 -0.024223 -0.514038 0.016594 0.000191 
0.033761 -0.067712 -0.024223 -0.514038 0.016594 0.000191 
0.033761 -0.067712 -0.024223 -0.514038 0.016594 0.000191 
0.033761 -0.067712 -0.024223 -0.514038 0.016594 0.000191 
0.033761 -0.067712 -0.024223 -0.514038 0.016594 0.000191 
0.033761 -0.067712 -0.024223 -0.514038 0.016594 0.000191 
0.033761 -0.067712 -0.024223 -0.514038 0.016594 0.000191 
0.033761 -0.067712 -0.024223 -0.514038 0.016594 0.000191 
0.033761 -0.067712 -0.024223 -0.514038 0.016594 0.000191 
0.033761 -0.067712 -0.024223 -0.514038 0.016594 0.000191 
0.033761 -0.067712 -0.024223 -0.514038 0.016594 0.000191 
0.033761 -0.067712 -0.024223 -0.514038 0.016594 0.000191 
0.033761 -0.067712 -0.024223 -0.514038 0.016594 0.000191 
0.033761 -0.067712 -0.024223 -0.514038 0.016594 0.000191 
0.033761 -0.067712 -0.024223 -0.514038 0.016594 0.000191 
0.033761 -0.067712 -0.024223 -0.514038 0.016594 0.000191 
0.033761 -0.067712 -0.024223 -0.514038 0.016594 0.000191 
0.033761 -0.067712 -0.024223 -0.514038 0.016594 0.000191 
0.033761 -0.067712 -0.024223 -0.514038 0.016594 0.000191 
0.033761 -0.067712 -0.024223 -0.514038 0.016594 0.000191 
0.033761 -0.067712 -0.024223 -0.514038 0.016594 0.000191 
0.033761 -0.067712 -0.024223 -0.514038 0.016594 0.000191 
0.033761 -0.067712 -0.024223 -0.514038 0.016594 0.000191 
0.033761 -0.067712 -0.024223 -0.514038 0.016594 0.000191 
0.033761 -0.067712 -0.024223 -0.514038 0.016594 0.000191 
0.033761 -0.067712 -0.024223 -0.514038 0.016594 0.000191 
0.033761 -0.067712 -0.024223 -0.514038 0.016594 0.000191 
0.033761 -0.067712 -0.024223 -0.514038 0.016594 0.000191 
0.033761 -0.067712 -0.024223 -0.514038 0.016594 0.000191 
0.033761 -0.067712 -0.024223 -0.514038 0.016594 0.000191 
0.033761 -0.067712 -0.024223 -0.514038 0.016594 0.000191 
0.033761 -0.067712 -0.024223 -0.514038 0.016594 0.000191 
0.033761 -0.067712 -0.024223 -0.514038 0.016594 0.000191 
0.033761 -0.067712 -0.024223 -0.514038 0.016594 0.000191 
0.033761 -0.067712 -0.024223 -0.514038 0.016594 0.000191 
0.033761 -0.067712 -0.024223 -0.514038 0.016594 0.000191 
0.033761 -0.067712 -0.024223 -0.514038 0.016594 0.000191 
0.033761 -0.067712 -0.024223 -0.514038 0.016594 0.000191 
0.033761 -0.067712 -0.024223 -0.514038 0.016594 0.000191 
0.033761 -0.067712 -0.024223 -0.514038 0.016594 0.000191 
0.033761 -0.067712 -0.024223 -0.514038 0.016594 0.000191 
0.033761 -0.067712 -0.024223 -0.514038 0.016594 0.000191 
0.033761 -0.067712 -0.024223 -0.514038 0.016594 0.000191 
0.033761 -0.067712 -0.024223 -0.514038 0.016594 0.000191 
0.033761 -0.067712 -0.024223 -0.514038 0.016594 0.000191 
0.033761 -0.067712 -0.024223 -0.514038 0.016594 0.000191 
0.033761 -0.067712 -0.024223 -0.514038 0.016594 0.000191 
0.033761 -0.067712 -0.024223 -0.514038 0.016594 0.000191 
0.033761 -0.067712 -0.024223 -0.514038 0.016594 0.000191 
0.033761 -0.067712 -0.024223 -0.514038 0.016594 0.000191 
0.033761 -0.067712 -0.024223 -0.514038 0.016594 0.000191 
0.033761 -0.067712 -0.024223 -0.514038 0.016594 0.000191 
0.033761 -0.067712 -0.024223 -0.514038 0.016594 0.000191 
0.033761 -0.067712 -0.024223 -0.514038 0.016594 0.000191 
0.033761 -0.067712 -0.024223 -0.514038 0.016594 0.000191 
0.033761 -0.067712 -0.024223 -0.514038 0.016594 0.000191 
0.033761 -0.067712 -0.024223 -0.514038 0.016594 0.000191 
0.033761 -0.067712 -0.024223 -0.514038 0.016594 0.000191 
0.033761 -0.067712 -0.024223 -0.514038 0.016594 0.000191 
0.033761 -0.067712 -0.024223 -0.514038 0.016594 0.000191 
0.033761 -0.067712 -0.024223 -0.514038 0.016594 0.000191 
0.033761 -0.067712 -0.024223 -0.514038 0.016594 0.000191 
0.033761 -0.067712 -0.024223 -0.514038 0.016594 0.000191 
0.033380 -0.067712 -0.024223 -0.514038 0.016594 0.000191 
0.033761 -0.067712 -0.024223 -0.514038 0.016594 0.000191 
0.033761 -0.067712 -0.023842 -0.514038 0.016594 0.000191 
0.033761 -0.067712 -0.023460 -0.514038 0.016594 0.000191 
0.033761 -0.067712 -0.023079 -0.514038 0.016594 0.000191 
0.033761 -0.067712 -0.022697 -0.514038 0.016594 0.000191 
0.033761 -0.067712 -0.022316 -0.514038 0.016594 0.000191 
0.033761 -0.067712 -0.021172 -0.514038 0.016594 0.000191 
0.033761 -0.067712 -0.020027 -0.514038 0.016594 0.000191 
0.033761 -0.067712 -0.017738 -0.514038 0.016594 0.000191 
0.033761 -0.067712 -0.015831 -0.514038 0.016594 0.000191 
0.033761 -0.067712 -0.013924 -0.513657 0.016594 0.000191 
0.033761 -0.067712 -0.010109 -0.513657 0.016594 0.000191 
0.034142 -0.067712 -0.010109 -0.513657 0.016594 0.000191 
0.034142 -0.067712 -0.002480 -0.513657 0.016212 0.000191 
0.034524 -0.067712 0.002480 -0.513657 0.016212 0.000191 
0.034524 -0.067712 0.008583 -0.514038 0.016212 0.000191 
0.034524 -0.067712 0.014687 -0.513657 0.016212 0.000191 
0.034524 -0.067712 0.021935 -0.513657 0.016212 0.000191 
0.034142 -0.067712 0.028801 -0.514038 0.016212 0.000191 
0.034142 -0.067712 0.037194 -0.514038 0.016212 0.000191 
0.034142 -0.067712 0.046350 -0.514038 0.016212 0.000191 
0.034142 -0.067712 0.046350 -0.514038 0.016212 0.000191 
0.034524 -0.067712 0.065423 -0.513657 0.016212 0.000191 
0.034524 -0.067712 0.075723 -0.514038 0.016212 0.000191 
0.034905 -0.068093 0.086404 -0.514038 0.016212 0.000191 
0.035287 -0.068475 0.097086 -0.514038 0.016212 0.000191 
0.036431 -0.068475 0.108149 -0.514038 0.016212 0.000191 
0.036431 -0.068856 0.118830 -0.514038 0.016212 0.000191 
0.036431 -0.068856 0.130655 -0.514038 0.016212 0.000191 
0.036431 -0.069238 0.142481 -0.514038 0.016212 0.000191 
0.036431 -0.069238 0.153543 -0.514038 0.016212 0.000191 
0.036431 -0.070001 0.153543 -0.514038 0.016212 0.000191 
0.036431 -0.070382 0.177958 -0.514038 0.016212 0.000191 
0.036431 -0.071145 0.190166 -0.514038 0.016212 0.000191 
0.036431 -0.072289 0.201991 -0.514038 0.016212 0.000191 
0.036431 -0.073815 0.214580 -0.514038 0.016212 0.000191 
0.036431 -0.076104 0.227932 -0.514038 0.016212 0.000191 
0.036431 -0.078774 0.240139 -0.514038 0.016212 0.000191 
0.036431 -0.082208 0.252728 -0.514038 0.015831 0.000191 
0.036813 -0.086404 0.265316 -0.514038 0.015831 0.000191 
0.036813 -0.091744 0.278286 -0.514038 0.015450 0.000191 
0.036813 -0.097849 0.290494 -0.514038 0.015450 0.000191 
0.036813 -0.104334 0.302701 -0.514038 0.013161 0.000191 
0.037194 -0.112345 0.315289 -0.514038 0.013161 0.000191 
0.037576 -0.121881 0.326734 -0.514038 0.008965 0.000191 
0.037957 -0.131037 0.338941 -0.514038 0.005913 0.000191 
0.037957 -0.141336 0.351149 -0.514420 0.005913 0.000191 
0.037957 -0.153162 0.362974 -0.514420 -0.000191 0.000191 
0.038339 -0.164989 0.374800 -0.514420 -0.003624 0.000191 
0.038339 -0.177958 0.386244 -0.514420 -0.006676 0.000191 
0.038339 -0.191691 0.398069 -0.514420 -0.010109 0.000191 
0.038339 -0.206950 0.410659 -0.514420 -0.010109 0.000191 
0.038339 -0.223354 0.423247 -0.514420 -0.015831 0.000191 
0.038339 -0.240139 0.435454 -0.514420 -0.018883 0.000191 
0.038339 -0.257687 0.448043 -0.514420 -0.021553 0.000191 
0.038339 -0.275616 0.462539 -0.514420 -0.024223 0.000191 
0.038339 -0.296216 0.474747 -0.514420 -0.026131 0.000191 
0.038339 -0.315289 0.488098 -0.514420 -0.029182 0.000191 
0.038339 -0.335889 0.501450 -0.514420 -0.031472 0.000191 
0.038339 -0.358015 0.515564 -0.514420 -0.031472 0.000191 
0.038339 -0.381285 0.528915 -0.514420 -0.036813 0.000191 
0.038339 -0.402647 0.541505 -0.514420 -0.039483 0.000191 
0.038720 -0.424392 0.555238 -0.514801 -0.039483 0.000191 
0.039102 -0.447661 0.568208 -0.514801 -0.044824 0.000191 
0.039865 -0.470932 0.579652 -0.514801 -0.048257 0.000191 
0.040627 -0.493439 0.591096 -0.514801 -0.051690 0.000191 
0.041009 -0.515182 0.602160 -0.514801 -0.051690 0.000191 
0.041772 -0.537690 0.613604 -0.515945 -0.058175 0.000191 
0.043298 -0.559815 0.623522 -0.517090 -0.062371 0.000191 
0.045205 -0.581941 0.633440 -0.517471 -0.067712 0.000191 
0.047112 -0.602541 0.642977 -0.517471 -0.067712 0.000191 
0.049401 -0.624666 0.651751 -0.517471 -0.077249 0.000191 
0.051309 -0.646029 0.659762 -0.517853 -0.082589 0.000191 
0.052072 -0.666247 0.667773 -0.517471 -0.087548 0.000191 
0.053979 -0.686465 0.667773 -0.517471 -0.087548 0.000191 
0.057031 -0.707446 0.682651 -0.517471 -0.097467 0.000191 
0.059701 -0.726139 0.688754 -0.517471 -0.102045 0.000191 
0.062371 -0.745213 0.695239 -0.517471 -0.104715 0.000191 
0.064279 -0.762760 0.700580 -0.517471 -0.107386 0.000191 
0.065423 -0.779926 0.706302 -0.517471 -0.109674 0.000191 
0.066567 -0.796330 0.709735 -0.517471 -0.110819 0.000191 
0.068856 -0.810826 0.714313 -0.517471 -0.111582 0.000191 
0.071527 -0.823415 0.718127 -0.517471 -0.111582 0.000191 
0.073052 -0.836003 0.720036 -0.517471 -0.111582 0.000191 
0.074197 -0.847830 0.722324 -0.517471 -0.111582 0.000191 
0.074578 -0.859274 0.724995 -0.516708 -0.111582 0.000191 
0.074960 -0.870337 0.725758 -0.516708 -0.111582 0.000191 
0.075341 -0.880636 0.727283 -0.516708 -0.111582 0.000191 
0.075723 -0.890936 0.727665 -0.516708 -0.111582 0.000191 
0.076486 -0.901236 0.727665 -0.516708 -0.111582 0.000191 
0.076867 -0.913062 0.728046 -0.516708 -0.111582 0.000191 
0.076867 -0.925651 0.728046 -0.516708 -0.111582 0.000191 
0.076486 -0.937476 0.728046 -0.516708 -0.111582 0.000191 
0.076486 -0.948539 0.728046 -0.516708 -0.111582 0.000191 
0.076867 -0.959220 0.728046 -0.516708 -0.111582 0.000191 
0.076867 -0.968758 0.728046 -0.516708 -0.111582 0.000191 
0.076867 -0.976768 0.727665 -0.516708 -0.111582 0.000191 
0.076867 -0.984779 0.727665 -0.516708 -0.111582 0.000191 
0.076867 -0.993172 0.727665 -0.516708 -0.111582 0.000191 
0.076867 -1.000801 0.727665 -0.516708 -0.111582 0.000191 
0.077249 -1.007668 0.727665 -0.516708 -0.111582 0.000191 
0.077249 -1.013771 0.727283 -0.516708 -0.111582 0.000191 
0.077249 -1.019875 0.726902 -0.517090 -0.111582 0.000191 
0.077249 -1.024834 0.725758 -0.517090 -0.111582 0.000191 
0.077249 -1.029793 0.724613 -0.517090 -0.111582 0.000191 
0.077249 -1.033990 0.722706 -0.517090 -0.111582 0.000191 
0.077630 -1.038949 0.721561 -0.517090 -0.111582 0.000191 
0.078012 -1.043145 0.719654 -0.517090 -0.111582 0.000191 
0.080300 -1.046578 0.716983 -0.517090 -0.111582 0.000191 
0.082589 -1.049630 0.715075 -0.517090 -0.111582 0.000191 
0.086022 -1.053445 0.712405 -0.517471 -0.111582 0.000191 
0.088693 -1.056497 0.709353 -0.517471 -0.111582 0.000191 
0.093270 -1.058022 0.707065 -0.517471 -0.111582 0.000191 
0.097467 -1.059548 0.703631 -0.517471 -0.111582 0.000191 
0.102045 -1.061837 0.701343 -0.517471 -0.111582 0.000191 
0.108530 -1.064126 0.699054 -0.517471 -0.111582 0.000191 
0.115015 -1.066415 0.697146 -0.517471 -0.111582 0.000191 
0.123026 -1.068322 0.696002 -0.517471 -0.111582 0.000191 
0.130274 -1.069848 0.694476 -0.517471 -0.111582 0.000191 
0.139048 -1.071374 0.692569 -0.517090 -0.111582 0.000191 
0.147821 -1.073281 0.691424 -0.517090 -0.111582 0.000191 
0.156596 -1.075189 0.690661 -0.517090 -0.111582 0.000191 
0.165751 -1.077859 0.690661 -0.517090 -0.111582 0.000191 
0.175288 -1.080911 0.690661 -0.517090 -0.111582 0.000191 
0.185206 -1.082437 0.691043 -0.517090 -0.111582 0.000191 
0.194362 -1.083581 0.691043 -0.517090 -0.111582 0.000191 
0.203898 -1.085107 0.691806 -0.517090 -0.111582 0.000191 
0.213054 -1.087777 0.692569 -0.516708 -0.111582 0.000191 
0.223354 -1.090066 0.693332 -0.516708 -0.111582 0.000191 
0.232510 -1.092355 0.694095 -0.516708 -0.111582 0.000191 
0.242428 -1.094263 0.694095 -0.516708 -0.111582 0.000191 
0.252346 -1.095026 0.694095 -0.516708 -0.111582 0.000191 
0.263027 -1.096170 0.693713 -0.516708 -0.111582 0.000191 
0.274471 -1.097315 0.693332 -0.516708 -0.111582 0.000191 
0.285535 -1.098841 0.693332 -0.516708 -0.111582 0.000191 
0.297360 -1.100748 0.693332 -0.516708 -0.111582 0.000191 
0.309186 -1.102274 0.693332 -0.516708 -0.111582 0.000191 
0.321012 -1.103037 0.693332 -0.516708 -0.111582 0.000191 
0.333600 -1.103800 0.693332 -0.516708 -0.111582 0.000191 
0.346189 -1.104181 0.692950 -0.516708 -0.111582 0.000191 
0.359541 -1.105707 0.693332 -0.516708 -0.111582 0.000191 
0.372511 -1.106852 0.693332 -0.516708 -0.111582 0.000191 
0.386244 -1.107996 0.693332 -0.516327 -0.111582 0.000191 
0.398832 -1.108759 0.693332 -0.516327 -0.111582 0.000191 
0.411040 -1.109522 0.693713 -0.516327 -0.111582 0.000191 
0.422103 -1.110285 0.693713 -0.515945 -0.111582 0.000191 
0.433166 -1.111811 0.694476 -0.515945 -0.111582 0.000191 
0.443847 -1.113337 0.695621 -0.515945 -0.111582 0.000191 
0.454528 -1.114862 0.696383 -0.515945 -0.111582 0.000191 
0.464446 -1.116388 0.698291 -0.515564 -0.111582 0.000191 
0.473984 -1.117533 0.700198 -0.515564 -0.111582 0.000191 
0.483139 -1.118677 0.702868 -0.515182 -0.111582 0.000191 
0.490768 -1.119822 0.706302 -0.514801 -0.111582 0.000191 
0.499542 -1.122110 0.708972 -0.514801 -0.111582 0.000191 
0.507553 -1.125544 0.713550 -0.511749 -0.111582 0.000191 
0.514801 -1.129358 0.717746 -0.509460 -0.111582 0.000191 
0.523193 -1.132410 0.721561 -0.506790 -0.111582 0.000191 
0.531204 -1.135462 0.726521 -0.503357 -0.111582 0.000191 
0.537690 -1.140802 0.731098 -0.499542 -0.111582 0.000191 
0.544938 -1.145761 0.734913 -0.496109 -0.111582 0.000191 
0.551042 -1.151484 0.740253 -0.491913 -0.111582 0.000191 
0.557145 -1.157969 0.745213 -0.491913 -0.111582 0.000191 
0.562486 -1.165599 0.749790 -0.484283 -0.111582 0.000191 
0.562486 -1.165599 0.749790 -0.484283 -0.111582 0.000191 
0.567445 -1.172465 0.754368 -0.481232 -0.111582 0.000191 
0.571641 -1.180476 0.758183 -0.477798 -0.111582 0.000191 
0.574693 -1.188106 0.763142 -0.474747 -0.111582 0.000191 
0.576600 -1.196116 0.768101 -0.471313 -0.111582 0.000191 
0.579652 -1.205653 0.771534 -0.471313 -0.111582 0.000191 
0.581941 -1.214808 0.777256 -0.471313 -0.111582 0.000191 
0.584229 -1.224346 0.782216 -0.462539 -0.111582 0.000191 
0.586518 -1.234646 0.786794 -0.459868 -0.111582 0.000191 
0.587663 -1.244564 0.792134 -0.457198 -0.111582 0.000191 
0.588044 -1.254864 0.796330 -0.455291 -0.111582 0.000191 
0.588044 -1.264782 0.802052 -0.453765 -0.111582 0.000191 
0.588044 -1.275082 0.806630 -0.453002 -0.111582 0.000191 
0.588044 -1.284238 0.810826 -0.453383 -0.111582 0.000191 
0.588044 -1.294538 0.816167 -0.453765 -0.111582 0.000191 
0.588044 -1.304456 0.819982 -0.454146 -0.111582 0.000191 
0.588044 -1.313993 0.823033 -0.454146 -0.111582 0.000191 
0.588044 -1.322385 0.827229 -0.454146 -0.111582 0.000191 
0.588044 -1.331540 0.829518 -0.454146 -0.111582 0.000191 
0.588044 -1.339170 0.832570 -0.454146 -0.111582 0.000191 
0.588044 -1.346418 0.834477 -0.454146 -0.111582 0.000191 
0.588044 -1.353285 0.837148 -0.454146 -0.111582 0.000191 
0.588044 -1.359388 0.839055 -0.454146 -0.111582 0.000191 
0.588044 -1.365873 0.840962 -0.454146 -0.111582 0.000191 
0.588044 -1.370451 0.842488 -0.454146 -0.111582 0.000191 
0.588044 -1.374647 0.843251 -0.454146 -0.111582 0.000191 
0.588044 -1.378462 0.844015 -0.453765 -0.111582 0.000191 
0.588426 -1.380751 0.844397 -0.453765 -0.111582 0.000191 
0.588807 -1.382277 0.844397 -0.454146 -0.111582 0.000191 
0.588807 -1.383421 0.844397 -0.454146 -0.111582 0.000191 
0.588807 -1.384565 0.844397 -0.454146 -0.111582 0.000191 
0.588807 -1.384947 0.844397 -0.454146 -0.111582 0.000191 
0.589189 -1.384565 0.844015 -0.454146 -0.111582 0.000191 
0.590714 -1.384565 0.844015 -0.454146 -0.111582 0.000191 
0.593003 -1.384184 0.844015 -0.454146 -0.111582 0.000191 
0.594912 -1.383802 0.844015 -0.454146 -0.111582 0.000191 
0.596056 -1.383421 0.844015 -0.454146 -0.111582 0.000191 
0.596437 -1.383421 0.844015 -0.454146 -0.111582 0.000191 
0.596437 -1.383421 0.844015 -0.454146 -0.111582 0.000191 
0.596437 -1.383421 0.843633 -0.454146 -0.111582 0.000191 
0.596437 -1.383421 0.843633 -0.454146 -0.111582 0.000191 
0.596437 -1.383421 0.843633 -0.454146 -0.111582 0.000191 
0.596437 -1.383802 0.842488 -0.454146 -0.111582 0.000191 
0.596056 -1.383802 0.841725 -0.454146 -0.111582 0.000191 
0.596056 -1.384184 0.840962 -0.454146 -0.111582 0.000191 
0.596056 -1.384565 0.839818 -0.454146 -0.111582 0.000191 
0.596056 -1.385328 0.838292 -0.454146 -0.111582 0.000191 
0.596056 -1.386091 0.836766 -0.454146 -0.111582 0.000191 
0.596056 -1.387236 0.834859 -0.454146 -0.111582 0.000191 
0.596056 -1.387999 0.833333 -0.454146 -0.111582 0.000191 
0.596056 -1.389143 0.831426 -0.454146 -0.111582 0.000191 
0.596056 -1.390669 0.828374 -0.454146 -0.111582 0.000191 
0.596056 -1.391432 0.826848 -0.454146 -0.111582 0.000191 
0.596437 -1.392576 0.823415 -0.454146 -0.111582 0.000191 
0.596437 -1.393721 0.820363 -0.454146 -0.111582 0.000191 
0.596437 -1.394865 0.816930 -0.454146 -0.111582 0.000191 
0.596819 -1.396391 0.813878 -0.454146 -0.111582 0.000191 
0.597200 -1.398680 0.810826 -0.454146 -0.111582 0.000191 
0.598345 -1.400969 0.808156 -0.454146 -0.111582 0.000191 
0.599108 -1.403257 0.804341 -0.454146 -0.111582 0.000191 
0.599108 -1.405165 0.801671 -0.453765 -0.111582 0.000191 
0.599108 -1.406692 0.798619 -0.453765 -0.111582 0.000191 
0.599108 -1.408980 0.795949 -0.453765 -0.111582 0.000191 
0.599489 -1.412032 0.793279 -0.453765 -0.111582 0.000191 
0.599871 -1.415847 0.790990 -0.453765 -0.111582 0.000191 
0.600634 -1.418517 0.789464 -0.453765 -0.111582 0.000191 
0.600634 -1.420424 0.786412 -0.453765 -0.111582 0.000191 
0.600634 -1.423095 0.784505 -0.453765 -0.111582 0.000191 
0.600634 -1.426528 0.784505 -0.453765 -0.111582 0.000191 
0.601015 -1.430343 0.781071 -0.453765 -0.111582 0.000191 
0.601015 -1.432250 0.779545 -0.453765 -0.111582 0.000191 
0.601015 -1.436065 0.778400 -0.453765 -0.111582 0.000191 
0.601015 -1.441024 0.777637 -0.453765 -0.111582 0.000191 
0.601015 -1.444839 0.776875 -0.453765 -0.111582 0.000191 
0.601397 -1.448272 0.776112 -0.453765 -0.111582 0.000191 
0.602541 -1.453231 0.776112 -0.453765 -0.111582 0.000191 
0.604067 -1.457808 0.776112 -0.453765 -0.111582 0.000191 
0.605593 -1.463912 0.776493 -0.453765 -0.111582 0.000191 
0.606737 -1.468490 0.776493 -0.453765 -0.111582 0.000191 
0.608263 -1.472687 0.776875 -0.453383 -0.111582 0.000191 
0.609407 -1.478790 0.776875 -0.453383 -0.111582 0.000191 
0.610170 -1.484131 0.777256 -0.453383 -0.111582 0.000191 
0.610170 -1.490616 0.777637 -0.453383 -0.111582 0.000191 
0.610170 -1.495956 0.778019 -0.453383 -0.111582 0.000191 
0.610170 -1.502823 0.778400 -0.453383 -0.111582 0.000191 
0.610170 -1.508926 0.778400 -0.453383 -0.111582 0.000191 
0.610170 -1.516174 0.778400 -0.453383 -0.111582 0.000191 
0.610170 -1.521896 0.778400 -0.453383 -0.111582 0.000191 
0.610170 -1.529526 0.778400 -0.453383 -0.111582 0.000191 
0.610170 -1.536393 0.778400 -0.453383 -0.111582 0.000191 
0.610170 -1.544023 0.778400 -0.453383 -0.111582 0.000191 
0.610170 -1.551652 0.778400 -0.453383 -0.111582 0.000191 
0.610170 -1.558518 0.778400 -0.453383 -0.111582 0.000191 
0.610170 -1.566911 0.778400 -0.453383 -0.111582 0.000191 
0.610170 -1.574540 0.778400 -0.453383 -0.111582 0.000191 
0.610170 -1.582170 0.778782 -0.453383 -0.111582 0.000191 
0.610170 -1.590180 0.778782 -0.453383 -0.111582 0.000191 
0.610170 -1.596666 0.779163 -0.453383 -0.111200 0.000191 
0.610170 -1.603914 0.780689 -0.453765 -0.111200 0.000191 
0.610170 -1.607347 0.782979 -0.454528 -0.110819 0.000191 
0.610170 -1.608873 0.786794 -0.456435 -0.110819 0.000191 
0.610170 -1.608873 0.790608 -0.456435 -0.110819 0.000191 
0.610170 -1.608873 0.794805 -0.461776 -0.110819 0.000191 
0.610170 -1.608873 0.797856 -0.463683 -0.110819 0.000191 
0.610552 -1.608873 0.800527 -0.463683 -0.111200 0.000191 
0.610552 -1.608873 0.801671 -0.465209 -0.111200 0.000191 
0.610552 -1.608873 0.802434 -0.465590 -0.111200 0.000191 
0.610552 -1.609255 0.802815 -0.465209 -0.111200 0.000191 
0.610170 -1.609636 0.802434 -0.465209 -0.111200 0.000191 
0.610170 -1.611162 0.802434 -0.465590 -0.111200 0.000191 
0.610170 -1.612307 0.802052 -0.465590 -0.111200 0.000191 
0.610170 -1.612688 0.802052 -0.465590 -0.111200 0.000191 
0.610170 -1.613451 0.802052 -0.465590 -0.111200 0.000191 
0.610170 -1.613832 0.802052 -0.465590 -0.111200 0.000191 
0.610170 -1.613832 0.802434 -0.465209 -0.111200 0.000191 
0.610170 -1.613832 0.802434 -0.465209 -0.111200 0.000191 
0.610170 -1.613832 0.802434 -0.465209 -0.111200 0.000191 
0.610170 -1.613832 0.802434 -0.465209 -0.111200 0.000191 
0.610170 -1.613832 0.802434 -0.465209 -0.111200 0.000191 
0.610170 -1.613832 0.802434 -0.465209 -0.111200 0.000191 
0.610170 -1.613832 0.802434 -0.465590 -0.111200 0.000191 
0.610170 -1.613832 0.802434 -0.465590 -0.111200 0.000191 
0.610170 -1.613832 0.802434 -0.465590 -0.111200 0.000191 
0.610170 -1.614214 0.802434 -0.465590 -0.111200 0.000191 
0.610170 -1.614977 0.802434 -0.465590 -0.111200 0.000191 
0.610170 -1.614977 0.802434 -0.465590 -0.111200 0.000191 
0.610170 -1.615358 0.802434 -0.465590 -0.111200 0.000191 
0.610552 -1.615740 0.802434 -0.465590 -0.111200 0.000191 
0.610552 -1.616503 0.802434 -0.465590 -0.111200 0.000191 
0.610552 -1.617266 0.802052 -0.465972 -0.111200 0.000191 
0.610552 -1.617647 0.802052 -0.465972 -0.111200 0.000191 
0.610552 -1.618029 0.802052 -0.465972 -0.111200 0.000191 
0.610552 -1.618410 0.802052 -0.465972 -0.111200 0.000191 
0.610552 -1.618792 0.802052 -0.465972 -0.111200 0.000191 
0.610552 -1.619555 0.802052 -0.465972 -0.111200 0.000191 
0.610170 -1.619936 0.802052 -0.465972 -0.111200 0.000191 
0.610170 -1.620699 0.802052 -0.465972 -0.111200 0.000191 
0.610170 -1.621462 0.802052 -0.466353 -0.111200 0.000191 
0.610170 -1.622225 0.802052 -0.466353 -0.111200 0.000191 
0.610170 -1.622606 0.802052 -0.466735 -0.111200 0.000191 
0.610170 -1.622988 0.802052 -0.467116 -0.111200 0.000191 
0.610170 -1.623369 0.802052 -0.468261 -0.111200 0.000191 
0.610170 -1.623369 0.802052 -0.470169 -0.111200 0.000191 
0.610170 -1.623369 0.802052 -0.471695 -0.111200 0.000191 
0.610170 -1.623369 0.802052 -0.471695 -0.111200 0.000191 
0.610170 -1.623369 0.802052 -0.471695 -0.111200 0.000191 
0.610170 -1.623369 0.802052 -0.478561 -0.111200 0.000191 
0.609789 -1.623369 0.802052 -0.480850 -0.110819 0.000191 
0.609789 -1.623369 0.802052 -0.483139 -0.111200 0.000191 
0.609789 -1.623369 0.802052 -0.484665 -0.111200 0.000191 
0.609789 -1.623369 0.802434 -0.486191 -0.111200 0.000191 
0.609789 -1.623369 0.802815 -0.487717 -0.111200 0.000191 
0.609789 -1.623369 0.802815 -0.488861 -0.111200 0.000191 
0.609407 -1.623369 0.802815 -0.488861 -0.111200 0.000191 
0.609026 -1.623369 0.803578 -0.490768 -0.111200 0.000191 
0.607882 -1.622988 0.804341 -0.491913 -0.111200 0.000191 
0.607119 -1.622988 0.804341 -0.491913 -0.111200 0.000191 
0.607119 -1.622988 0.806249 -0.492676 -0.111200 0.000191 
0.607119 -1.622988 0.806630 -0.492294 -0.111200 0.000191 
0.607119 -1.622988 0.807393 -0.492294 -0.111200 0.000191 
0.607119 -1.622606 0.808919 -0.492294 -0.111200 0.000191 
0.607119 -1.622606 0.811208 -0.492294 -0.111200 0.000191 
0.607119 -1.622606 0.813497 -0.492294 -0.111200 0.000191 
0.606737 -1.622606 0.813497 -0.492294 -0.111200 0.000191 
0.605974 -1.622606 0.819982 -0.492294 -0.111200 0.000191 
0.604448 -1.621843 0.823415 -0.492294 -0.111200 0.000191 
0.603685 -1.621080 0.827992 -0.492294 -0.111200 0.000191 
0.602541 -1.620699 0.832570 -0.492294 -0.111200 0.000191 
0.601778 -1.619555 0.837529 -0.492294 -0.111200 0.000191 
0.601397 -1.617266 0.843251 -0.492294 -0.111200 0.000191 
0.601778 -1.614214 0.847830 -0.492294 -0.111200 0.000191 
0.601778 -1.611544 0.847830 -0.492294 -0.111200 0.000191 
0.601778 -1.608492 0.847830 -0.492676 -0.111200 0.000191 
0.601778 -1.605440 0.863852 -0.492294 -0.111200 0.000191 
0.601778 -1.600100 0.869574 -0.492676 -0.111200 0.000191 
0.601778 -1.595903 0.873770 -0.492676 -0.111200 0.000191 
0.601778 -1.591325 0.879492 -0.492676 -0.111200 0.000191 
0.601778 -1.585221 0.883307 -0.492676 -0.111200 0.000191 
0.601778 -1.579499 0.888266 -0.492676 -0.111200 0.000191 
0.601778 -1.572251 0.892843 -0.492676 -0.111200 0.000191 
0.601778 -1.567292 0.895895 -0.492676 -0.111200 0.000191 
0.601778 -1.559663 0.900091 -0.492676 -0.111200 0.000191 
0.601778 -1.552796 0.903143 -0.492676 -0.111200 0.000191 
0.601778 -1.544404 0.905813 -0.492676 -0.111200 0.000191 
0.601778 -1.537156 0.908103 -0.492676 -0.111200 0.000191 
0.601778 -1.529526 0.910773 -0.492676 -0.111200 0.000191 
0.601778 -1.520752 0.913444 -0.492676 -0.111200 0.000191 
0.601778 -1.512741 0.914969 -0.492676 -0.111200 0.000191 
0.601778 -1.505112 0.917640 -0.492676 -0.111200 0.000191 
0.601778 -1.496338 0.918784 -0.492676 -0.111200 0.000191 
0.601778 -1.487564 0.919547 -0.492676 -0.111200 0.000191 
0.602160 -1.479172 0.919929 -0.492676 -0.111200 0.000191 
0.602541 -1.470016 0.919547 -0.492676 -0.111200 0.000191 
0.602541 -1.462386 0.918784 -0.492676 -0.111200 0.000191 
0.602541 -1.454757 0.916495 -0.492676 -0.111200 0.000191 
0.602541 -1.445983 0.915351 -0.492676 -0.111200 0.000191 
0.602541 -1.437972 0.914207 -0.492676 -0.111200 0.000191 
0.602541 -1.431106 0.912681 -0.492676 -0.111200 0.000191 
0.602541 -1.424621 0.912681 -0.492676 -0.111200 0.000191 
0.602541 -1.418899 0.911536 -0.492676 -0.111200 0.000191 
0.602541 -1.412795 0.911155 -0.492676 -0.111200 0.000191 
0.602541 -1.407454 0.911536 -0.492676 -0.111200 0.000191 
0.602541 -1.403257 0.911536 -0.492676 -0.111200 0.000191 
0.602541 -1.398680 0.911536 -0.492676 -0.111200 0.000191 
0.602541 -1.395628 0.911536 -0.492676 -0.111200 0.000191 
0.602541 -1.392576 0.911536 -0.492676 -0.111200 0.000191 
0.602541 -1.388762 0.911536 -0.492676 -0.111200 0.000191 
0.602922 -1.386854 0.911536 -0.492676 -0.111200 0.000191 
0.602922 -1.384947 0.911536 -0.492676 -0.111200 0.000191 
0.602922 -1.383802 0.911536 -0.492676 -0.111200 0.000191 
0.602922 -1.383039 0.911536 -0.492676 -0.111200 0.000191 
0.603304 -1.382658 0.911536 -0.492676 -0.111200 0.000191 
0.603685 -1.382658 0.911536 -0.492676 -0.111200 0.000191 
0.604448 -1.382658 0.911536 -0.492676 -0.111200 0.000191 
0.605593 -1.383039 0.911536 -0.492676 -0.111200 0.000191 
0.607119 -1.383421 0.911536 -0.492676 -0.111200 0.000191 
0.608263 -1.384565 0.911155 -0.492676 -0.111200 0.000191 
0.609026 -1.386091 0.911155 -0.492676 -0.111200 0.000191 
0.609407 -1.387617 0.911155 -0.492676 -0.111200 0.000191 
0.610170 -1.388762 0.911155 -0.492676 -0.111200 0.000191 
0.610170 -1.390669 0.911155 -0.492676 -0.111200 0.000191 
0.610170 -1.392958 0.911155 -0.492676 -0.111200 0.000191 
0.610170 -1.394102 0.911155 -0.492676 -0.111200 0.000191 
0.610170 -1.395247 0.910392 -0.492676 -0.111200 0.000191 
0.610170 -1.397535 0.909629 -0.492676 -0.111200 0.000191 
0.610170 -1.400587 0.909629 -0.492676 -0.111200 0.000191 
0.610170 -1.403257 0.909247 -0.492676 -0.111200 0.000191 
0.610170 -1.405546 0.907722 -0.492676 -0.111200 0.000191 
0.610170 -1.407836 0.905813 -0.492676 -0.111200 0.000191 
0.610170 -1.410125 0.903143 -0.492676 -0.111200 0.000191 
0.610170 -1.413939 0.900854 -0.492676 -0.111200 0.000191 
0.610170 -1.417754 0.897802 -0.492676 -0.111200 0.000191 
0.610170 -1.420806 0.897802 -0.492676 -0.111200 0.000191 
0.610170 -1.425002 0.890554 -0.492676 -0.111200 0.000191 
0.610170 -1.430724 0.887503 -0.492676 -0.111200 0.000191 
0.610170 -1.434157 0.883307 -0.492676 -0.111200 0.000191 
0.610170 -1.438354 0.877966 -0.492676 -0.111200 0.000191 
0.609789 -1.443313 0.874151 -0.492294 -0.111200 0.000191 
0.610170 -1.448653 0.870718 -0.492294 -0.111200 0.000191 
0.609789 -1.455138 0.864996 -0.492294 -0.111200 0.000191 
0.609789 -1.459334 0.860800 -0.492294 -0.111200 0.000191 
0.609789 -1.466201 0.856985 -0.492294 -0.111200 0.000191 
0.609789 -1.471542 0.851263 -0.492294 -0.111200 0.000191 
0.609789 -1.478409 0.847067 -0.491913 -0.111200 0.000191 
0.609789 -1.485275 0.843251 -0.492294 -0.111200 0.000191 
0.609789 -1.492905 0.838674 -0.492294 -0.111200 0.000191 
0.609789 -1.499390 0.834477 -0.492294 -0.111200 0.000191 
0.609789 -1.506638 0.831807 -0.492294 -0.111200 0.000191 
0.609789 -1.515411 0.831807 -0.492294 -0.111200 0.000191 
0.609789 -1.523422 0.823415 -0.491913 -0.111200 0.000191 
0.609789 -1.532197 0.820363 -0.492294 -0.111200 0.000191 
0.609789 -1.542115 0.816167 -0.492294 -0.111200 0.000191 
0.609789 -1.551652 0.813497 -0.491913 -0.111200 0.000191 
0.610170 -1.562333 0.810445 -0.491913 -0.111200 0.000191 
0.610170 -1.573014 0.807775 -0.492294 -0.111200 0.000191 
0.609789 -1.584458 0.804341 -0.491913 -0.111200 0.000191 
0.610170 -1.595903 0.802052 -0.491531 -0.111200 0.000191 
0.610170 -1.608873 0.800527 -0.491913 -0.111200 0.000191 
0.610170 -1.621080 0.799001 -0.492294 -0.110819 0.000191 
0.610170 -1.630999 0.800527 -0.492294 -0.110819 0.000191 
0.609789 -1.636721 0.805867 -0.497635 -0.108530 0.000191 
0.608263 -1.638247 0.812734 -0.503738 -0.108530 0.000191 
0.607119 -1.638247 0.820745 -0.510223 -0.108530 0.000191 
0.608644 -1.638247 0.827611 -0.517090 -0.108530 0.000191 
0.610933 -1.638247 0.833333 -0.521667 -0.108530 0.000191 
0.612459 -1.638247 0.837148 -0.525482 -0.108912 0.000191 
0.613985 -1.638628 0.840581 -0.527771 -0.108912 0.000191 
0.616274 -1.639391 0.841725 -0.529297 -0.108912 0.000191 
0.617418 -1.639772 0.842488 -0.528915 -0.108912 0.000191 
0.617037 -1.640917 0.842488 -0.528152 -0.108530 0.000191 
0.616655 -1.641680 0.841725 -0.528152 -0.108530 0.000191 
0.616274 -1.642443 0.840962 -0.528152 -0.108912 0.000191 
0.614748 -1.642443 0.840581 -0.528152 -0.108912 0.000191 
0.613222 -1.642824 0.840199 -0.528152 -0.108912 0.000191 
0.611315 -1.642824 0.839818 -0.528152 -0.108912 0.000191 
0.609407 -1.642824 0.839818 -0.528152 -0.108912 0.000191 
0.607500 -1.642824 0.839818 -0.528152 -0.108912 0.000191 
0.607119 -1.642443 0.839818 -0.528152 -0.108912 0.000191 
0.607119 -1.642061 0.840199 -0.528152 -0.108912 0.000191 
0.607500 -1.641298 0.840199 -0.528152 -0.108912 0.000191 
0.607882 -1.640535 0.840581 -0.528152 -0.108912 0.000191 
0.607882 -1.640535 0.840581 -0.528152 -0.108912 0.000191 
0.607882 -1.640535 0.840581 -0.528152 -0.108912 0.000191 
0.608263 -1.640154 0.840962 -0.528152 -0.108912 0.000191 
0.608263 -1.639391 0.840962 -0.528152 -0.108912 0.000191 
0.608263 -1.638247 0.841344 -0.528152 -0.108912 0.000191 
0.608263 -1.637865 0.841725 -0.528152 -0.108912 0.000191 
0.607882 -1.636721 0.842870 -0.528152 -0.108912 0.000191 
0.607882 -1.634432 0.843251 -0.528152 -0.108912 0.000191 
0.607882 -1.632906 0.844015 -0.528152 -0.108912 0.000191 
0.607882 -1.631762 0.845541 -0.528152 -0.108912 0.000191 
0.607882 -1.630236 0.847067 -0.528534 -0.108912 0.000191 
0.607500 -1.626802 0.849356 -0.528534 -0.108912 0.000191 
0.607500 -1.623751 0.851263 -0.528534 -0.108912 0.000191 
0.607500 -1.621080 0.854315 -0.528534 -0.108912 0.000191 
0.607500 -1.618410 0.857367 -0.528534 -0.108912 0.000191 
0.607500 -1.613451 0.857367 -0.528534 -0.108912 0.000191 
0.607882 -1.608492 0.864233 -0.528534 -0.108912 0.000191 
0.607882 -1.605059 0.867285 -0.528534 -0.108912 0.000191 
0.607882 -1.600100 0.870718 -0.528534 -0.108912 0.000191 
0.607882 -1.594759 0.874914 -0.528534 -0.108912 0.000191 
0.607882 -1.589417 0.878729 -0.528534 -0.108912 0.000191 
0.607882 -1.584077 0.882544 -0.528534 -0.108912 0.000191 
0.607882 -1.578736 0.887503 -0.528534 -0.108912 0.000191 
0.607882 -1.572633 0.892080 -0.528534 -0.108912 0.000191 
0.607882 -1.567292 0.896276 -0.528534 -0.108912 0.000191 
0.607882 -1.560044 0.901617 -0.528534 -0.108912 0.000191 
0.607882 -1.554322 0.906195 -0.528534 -0.108912 0.000191 
0.607882 -1.547074 0.910773 -0.528534 -0.108912 0.000191 
0.607882 -1.540971 0.916114 -0.528534 -0.108912 0.000191 
0.607882 -1.533723 0.916114 -0.528534 -0.108912 0.000191 
0.607882 -1.527237 0.926414 -0.528534 -0.108912 0.000191 
0.608263 -1.520370 0.931754 -0.528534 -0.108912 0.000191 
0.608263 -1.514267 0.935950 -0.528534 -0.108912 0.000191 
0.608263 -1.507019 0.935950 -0.528534 -0.108912 0.000191 
0.608644 -1.500153 0.945106 -0.528534 -0.108912 0.000191 
0.609026 -1.494049 0.948920 -0.528534 -0.108912 0.000191 
0.609789 -1.487946 0.952353 -0.528534 -0.108912 0.000191 
0.610552 -1.482224 0.955405 -0.528534 -0.108912 0.000191 
0.610552 -1.475739 0.957694 -0.528534 -0.108912 0.000191 
0.610552 -1.464675 0.961127 -0.528534 -0.108912 0.000191 
0.610933 -1.458953 0.961127 -0.528534 -0.108912 0.000191 
0.610933 -1.454757 0.961127 -0.528534 -0.108912 0.000191 
0.610933 -1.449416 0.961127 -0.528534 -0.108912 0.000191 
0.610933 -1.445220 0.960746 -0.528534 -0.108912 0.000191 
0.610933 -1.442931 0.960746 -0.528534 -0.108912 0.000191 
0.610552 -1.439879 0.960746 -0.528534 -0.108912 0.000191 
0.610552 -1.437591 0.960746 -0.528534 -0.108912 0.000191 
0.610552 -1.436065 0.960746 -0.528534 -0.108912 0.000191 
0.610552 -1.435683 0.960746 -0.528534 -0.108912 0.000191 
0.610552 -1.435683 0.960746 -0.528534 -0.108912 0.000191 
0.610552 -1.435683 0.960746 -0.528534 -0.108912 0.000191 
0.610552 -1.436065 0.960746 -0.528534 -0.108912 0.000191 
0.610552 -1.436828 0.960364 -0.528534 -0.108912 0.000191 
0.610170 -1.438354 0.960364 -0.528534 -0.108912 0.000191 
0.610170 -1.440261 0.959983 -0.528534 -0.108912 0.000191 
0.610170 -1.442168 0.959601 -0.528534 -0.108912 0.000191 
0.610170 -1.444076 0.959220 -0.528534 -0.108912 0.000191 
0.610552 -1.446746 0.958457 -0.528534 -0.108912 0.000191 
0.610552 -1.450179 0.957694 -0.528534 -0.108912 0.000191 
0.610552 -1.453231 0.956168 -0.528534 -0.108912 0.000191 
0.610552 -1.455901 0.954261 -0.528534 -0.108912 0.000191 
0.610552 -1.458190 0.951972 -0.528534 -0.108912 0.000191 
0.610552 -1.463149 0.949683 -0.528534 -0.108912 0.000191 
0.610552 -1.467727 0.946631 -0.528534 -0.108912 0.000191 
0.610552 -1.471542 0.943961 -0.528534 -0.108912 0.000191 
0.610552 -1.476120 0.939765 -0.528534 -0.108912 0.000191 
0.610552 -1.481461 0.937476 -0.528534 -0.108912 0.000191 
0.610552 -1.487183 0.933661 -0.528534 -0.108912 0.000191 
0.610552 -1.494049 0.929847 -0.528534 -0.108912 0.000191 
0.610552 -1.499771 0.926414 -0.528534 -0.108912 0.000191 
0.610552 -1.507019 0.922980 -0.528534 -0.108912 0.000191 
0.610552 -1.515030 0.919166 -0.528534 -0.108912 0.000191 
0.610552 -1.522659 0.914588 -0.528534 -0.108912 0.000191 
0.610552 -1.531052 0.914588 -0.528534 -0.108912 0.000191 
0.610552 -1.540208 0.907722 -0.528534 -0.108912 0.000191 
0.610552 -1.549745 0.903143 -0.528534 -0.108912 0.000191 
0.610552 -1.558900 0.900473 -0.528152 -0.108912 0.000191 
0.610552 -1.569200 0.897039 -0.528534 -0.108912 0.000191 
0.610552 -1.579881 0.893606 -0.528534 -0.108912 0.000191 
0.610552 -1.590562 0.889791 -0.528152 -0.108912 0.000191 
0.610552 -1.601625 0.887884 -0.528152 -0.108912 0.000191 
0.610552 -1.614214 0.884451 -0.528534 -0.108912 0.000191 
0.610552 -1.626040 0.882544 -0.528152 -0.108912 0.000191 
0.610552 -1.638628 0.882544 -0.528152 -0.108912 0.000191 
0.610552 -1.650072 0.882544 -0.528152 -0.108912 0.000191 
0.610552 -1.662280 0.882544 -0.528152 -0.108912 0.000191 
0.610552 -1.675632 0.876440 -0.528152 -0.108912 0.000191 
0.610552 -1.688220 0.876059 -0.528534 -0.108912 0.000191 
0.610170 -1.698901 0.877966 -0.528915 -0.108530 0.000191 
0.610170 -1.705386 0.883688 -0.530441 -0.108530 0.000191 
0.609789 -1.706531 0.892462 -0.534638 -0.108530 0.000191 
0.610170 -1.706531 0.899328 -0.539979 -0.108530 0.000191 
0.610933 -1.706531 0.907340 -0.543412 -0.108530 0.000191 
0.611315 -1.706531 0.913444 -0.546082 -0.108912 0.000191 
0.612078 -1.706912 0.918021 -0.547608 -0.108912 0.000191 
0.613604 -1.706531 0.921073 -0.547990 -0.108912 0.000191 
0.616655 -1.706531 0.924506 -0.547990 -0.108912 0.000191 
0.618563 -1.706531 0.925651 -0.547608 -0.108912 0.000191 
0.618944 -1.706912 0.926414 -0.547608 -0.108912 0.000191 
0.618563 -1.706912 0.926795 -0.547608 -0.108912 0.000191 
0.617800 -1.707294 0.926795 -0.547608 -0.108912 0.000191 
0.617037 -1.707294 0.926795 -0.547608 -0.108912 0.000191 
0.617037 -1.707294 0.926032 -0.547608 -0.108912 0.000191 
0.617037 -1.707294 0.926032 -0.547608 -0.108912 0.000191 
0.616655 -1.707294 0.925651 -0.547608 -0.108912 0.000191 
0.616274 -1.707294 0.925651 -0.547608 -0.108912 0.000191 
0.615892 -1.707294 0.925269 -0.547608 -0.108912 0.000191 
0.614367 -1.707294 0.925269 -0.547608 -0.108912 0.000191 
0.614367 -1.706912 0.925269 -0.547608 -0.108912 0.000191 
0.614748 -1.706912 0.925269 -0.547608 -0.108912 0.000191 
0.614748 -1.706912 0.925269 -0.547608 -0.108912 0.000191 
0.614748 -1.706912 0.925269 -0.547608 -0.108912 0.000191 
0.615129 -1.706912 0.924888 -0.547608 -0.108912 0.000191 
0.615129 -1.706912 0.924888 -0.547608 -0.108912 0.000191 
0.615129 -1.706531 0.924888 -0.547608 -0.108912 0.000191 
0.615129 -1.706531 0.924888 -0.547608 -0.108912 0.000191 
0.615129 -1.706531 0.924888 -0.547608 -0.108912 0.000191 
0.615129 -1.706531 0.924888 -0.547608 -0.108912 0.000191 
0.615129 -1.706149 0.924888 -0.547990 -0.108912 0.000191 
0.615129 -1.705768 0.924888 -0.547990 -0.108912 0.000191 
0.615129 -1.705386 0.924888 -0.547990 -0.108912 0.000191 
0.614748 -1.703860 0.924888 -0.547990 -0.108912 0.000191 
0.614748 -1.702716 0.924888 -0.547990 -0.108912 0.000191 
0.614748 -1.701953 0.925269 -0.547990 -0.108912 0.000191 
0.614748 -1.700046 0.925269 -0.547990 -0.108912 0.000191 
0.614748 -1.696994 0.925269 -0.547990 -0.108912 0.000191 
0.614748 -1.694705 0.925269 -0.547990 -0.108912 0.000191 
0.614367 -1.692798 0.925269 -0.547990 -0.108912 0.000191 
0.614367 -1.688220 0.925269 -0.547990 -0.108912 0.000191 
0.614367 -1.683642 0.925269 -0.547990 -0.108912 0.000191 
0.614367 -1.680209 0.925269 -0.547990 -0.108912 0.000191 
0.614367 -1.674869 0.925269 -0.547990 -0.108912 0.000191 
0.614367 -1.668765 0.925269 -0.547990 -0.108912 0.000191 
0.614367 -1.662280 0.925269 -0.547990 -0.108912 0.000191 
0.614367 -1.656176 0.925269 -0.548371 -0.108912 0.000191 
0.614367 -1.649309 0.925269 -0.548371 -0.108912 0.000191 
0.613985 -1.641298 0.924888 -0.548371 -0.108912 0.000191 
0.613985 -1.632143 0.924888 -0.548753 -0.108912 0.000191 
0.613604 -1.624132 0.924888 -0.549516 -0.108912 0.000191 
0.612459 -1.614977 0.924888 -0.551042 -0.108912 0.000191 
0.610933 -1.605440 0.924888 -0.553330 -0.108912 0.000191 
0.608263 -1.594759 0.924888 -0.556001 -0.108912 0.000191 
0.606356 -1.584077 0.924888 -0.559052 -0.108912 0.000191 
0.605211 -1.573014 0.924888 -0.562486 -0.108912 0.000191 
0.604448 -1.561952 0.924506 -0.566300 -0.108912 0.000191 
0.604067 -1.549745 0.924125 -0.570497 -0.108912 0.000191 
0.603304 -1.537156 0.923743 -0.574693 -0.108912 0.000191 
0.601397 -1.525711 0.923362 -0.578889 -0.108912 0.000191 
0.600252 -1.513504 0.923362 -0.578889 -0.108912 0.000191 
0.598726 -1.500916 0.923362 -0.578889 -0.108912 0.000191 
0.597963 -1.487946 0.922980 -0.592622 -0.108912 0.000191 
0.596819 -1.476120 0.922599 -0.597200 -0.108912 0.000191 
0.596056 -1.464293 0.922217 -0.602160 -0.108912 0.000191 
0.594912 -1.451705 0.921454 -0.607119 -0.108912 0.000191 
0.593767 -1.439116 0.921073 -0.612078 -0.108912 0.000191 
0.593003 -1.427291 0.920310 -0.612078 -0.108912 0.000191 
0.592622 -1.415084 0.918784 -0.621996 -0.108912 0.000191 
0.592240 -1.402113 0.916495 -0.626192 -0.108912 0.000191 
0.590714 -1.388762 0.914588 -0.629625 -0.108912 0.000191 
0.588807 -1.376554 0.911536 -0.633059 -0.108912 0.000191 
0.585755 -1.364729 0.908484 -0.636110 -0.108912 0.000191 
0.581559 -1.351759 0.904669 -0.639162 -0.108912 0.000191 
0.576600 -1.339551 0.900854 -0.641832 -0.108912 0.000191 
0.572785 -1.326962 0.896658 -0.644121 -0.108912 0.000191 
0.567445 -1.315518 0.896658 -0.644121 -0.108912 0.000191 
0.561723 -1.302930 0.885977 -0.648317 -0.108912 0.000191 
0.556764 -1.291486 0.880636 -0.650225 -0.108912 0.000191 
0.551042 -1.280041 0.873770 -0.650225 -0.108912 0.000191 
0.546464 -1.268597 0.866903 -0.653658 -0.108912 0.000191 
0.541123 -1.256771 0.860037 -0.655184 -0.108912 0.000191 
0.536164 -1.245708 0.852789 -0.656329 -0.108912 0.000191 
0.530823 -1.235027 0.845541 -0.656711 -0.108912 0.000191 
0.525101 -1.225109 0.837148 -0.657474 -0.108912 0.000191 
0.518997 -1.214427 0.829137 -0.657474 -0.108912 0.000191 
0.512894 -1.204509 0.821126 -0.657474 -0.108912 0.000191 
0.507553 -1.194209 0.813115 -0.657474 -0.108912 0.000191 
0.500687 -1.184672 0.804723 -0.657474 -0.108912 0.000191 
0.494583 -1.175517 0.796330 -0.657474 -0.108912 0.000191 
0.488098 -1.166743 0.787938 -0.657474 -0.108912 0.000191 
0.481995 -1.157207 0.779545 -0.657474 -0.108912 0.000191 
0.475128 -1.148050 0.771534 -0.657474 -0.108912 0.000191 
0.469025 -1.139277 0.763523 -0.657474 -0.108912 0.000191 
0.462157 -1.131266 0.755894 -0.657474 -0.108912 0.000191 
0.456054 -1.122492 0.747120 -0.657474 -0.108912 0.000191 
0.449187 -1.114862 0.739491 -0.657474 -0.108912 0.000191 
0.443465 -1.106852 0.731861 -0.657474 -0.108912 0.000191 
0.436980 -1.098841 0.724232 -0.657474 -0.108912 0.000191 
0.431258 -1.091210 0.724232 -0.657474 -0.108912 0.000191 
0.424773 -1.082437 0.708591 -0.657474 -0.108912 0.000191 
0.419051 -1.074807 0.700580 -0.657474 -0.108912 0.000191 
0.413329 -1.067178 0.693332 -0.657474 -0.108912 0.000191 
0.407607 -1.059167 0.684939 -0.657474 -0.108912 0.000191 
0.401503 -1.051156 0.677310 -0.657474 -0.108912 0.000191 
0.396925 -1.043145 0.670062 -0.657474 -0.108912 0.000191 
0.390821 -1.034371 0.670062 -0.657474 -0.108912 0.000191 
0.385481 -1.025597 0.653658 -0.657474 -0.108912 0.000191 
0.380140 -1.017586 0.646410 -0.657474 -0.108912 0.000191 
0.374418 -1.008812 0.638399 -0.657474 -0.108912 0.000191 
0.369078 -1.000801 0.630388 -0.657474 -0.108912 0.000191 
0.362974 -0.992027 0.621996 -0.657474 -0.108912 0.000191 
0.358015 -0.983253 0.614748 -0.657474 -0.108912 0.000191 
0.351912 -0.974480 0.606737 -0.657474 -0.108912 0.000191 
0.346952 -0.966086 0.597963 -0.657474 -0.108912 0.000191 
0.340848 -0.956931 0.589952 -0.657474 -0.108912 0.000191 
0.336270 -0.947394 0.582322 -0.657474 -0.108912 0.000191 
0.330548 -0.939002 0.573548 -0.657474 -0.108912 0.000191 
0.324826 -0.929465 0.565537 -0.657474 -0.108912 0.000191 
0.319867 -0.920310 0.557527 -0.657474 -0.108912 0.000191 
0.314145 -0.911536 0.549516 -0.657474 -0.108912 0.000191 
0.309186 -0.904287 0.541123 -0.657474 -0.108912 0.000191 
0.303845 -0.896658 0.533113 -0.657474 -0.108912 0.000191 
0.299268 -0.890554 0.524719 -0.657474 -0.108912 0.000191 
0.294690 -0.884451 0.516327 -0.657092 -0.108912 0.000191 
0.289350 -0.879873 0.508316 -0.657092 -0.108912 0.000191 
0.285535 -0.874533 0.508316 -0.657092 -0.108912 0.000191 
0.280956 -0.869955 0.490387 -0.657092 -0.108912 0.000191 
0.275997 -0.864614 0.481995 -0.656711 -0.108912 0.000191 
0.271038 -0.857367 0.473602 -0.656711 -0.108530 0.000191 
0.264172 -0.846685 0.466353 -0.656711 -0.108530 0.000191 
0.259594 -0.835240 0.458724 -0.656711 -0.108530 0.000191 
0.253490 -0.823033 0.450332 -0.656711 -0.108530 0.000191 
0.248150 -0.811208 0.442321 -0.656711 -0.108530 0.000191 
0.241665 -0.800908 0.434310 -0.656711 -0.108530 0.000191 
0.235943 -0.790990 0.426681 -0.656711 -0.108530 0.000191 
0.228695 -0.781453 0.418670 -0.656711 -0.108530 0.000191 
0.223354 -0.771534 0.411040 -0.656711 -0.108530 0.000191 
0.216487 -0.760853 0.403410 -0.656711 -0.108530 0.000191 
0.211146 -0.751316 0.395399 -0.656711 -0.108530 0.000191 
0.205043 -0.740635 0.387388 -0.656711 -0.108530 0.000191 
0.198939 -0.729954 0.378996 -0.656711 -0.108530 0.000191 
0.192836 -0.719654 0.378996 -0.656711 -0.108530 0.000191 
0.187495 -0.709353 0.362974 -0.656711 -0.108530 0.000191 
0.182536 -0.700198 0.354582 -0.656711 -0.108530 0.000191 
0.176814 -0.691043 0.346952 -0.656711 -0.108530 0.000191 
0.172236 -0.681888 0.337796 -0.656711 -0.108530 0.000191 
0.166896 -0.670825 0.329785 -0.656711 -0.108530 0.000191 
0.162318 -0.660907 0.322156 -0.656711 -0.108530 0.000191 
0.158504 -0.651751 0.313382 -0.656711 -0.108530 0.000191 
0.153543 -0.642595 0.305753 -0.656711 -0.108530 0.000191 
0.149729 -0.633440 0.298505 -0.656711 -0.108530 0.000191 
0.145533 -0.624666 0.291638 -0.656711 -0.108530 0.000191 
0.141336 -0.616655 0.284390 -0.656711 -0.108530 0.000191 
0.137903 -0.608644 0.277142 -0.656711 -0.108530 0.000191 
0.130274 -0.593003 0.262646 -0.656711 -0.108912 0.000191 
0.126841 -0.584992 0.256161 -0.656711 -0.108912 0.000191 
0.124552 -0.578507 0.249676 -0.656711 -0.108530 0.000191 
0.120737 -0.571641 0.243191 -0.656711 -0.108530 0.000191 
0.117685 -0.565537 0.237087 -0.656711 -0.108912 0.000191 
0.114252 -0.559815 0.231365 -0.656711 -0.108912 0.000191 
0.111963 -0.554856 0.224880 -0.656711 -0.108530 0.000191 
0.108912 -0.549134 0.220303 -0.656711 -0.108912 0.000191 
0.105478 -0.544938 0.214580 -0.656711 -0.108530 0.000191 
0.102808 -0.539979 0.210383 -0.656711 -0.108912 0.000191 
0.099756 -0.535783 0.204661 -0.656711 -0.108530 0.000191 
0.096704 -0.532731 0.200084 -0.656711 -0.108912 0.000191 
0.093652 -0.528915 0.196269 -0.656711 -0.108912 0.000191 
0.090219 -0.525482 0.191310 -0.656711 -0.108530 0.000191 
0.088311 -0.522812 0.187877 -0.656329 -0.108530 0.000191 
0.085259 -0.520523 0.184062 -0.656329 -0.108912 0.000191 
0.082208 -0.517471 0.179484 -0.654039 -0.108912 0.000191 
0.079156 -0.514801 0.176051 -0.654039 -0.108912 0.000191 
0.076104 -0.512512 0.172999 -0.649843 -0.108912 0.000191 
0.073052 -0.510986 0.168803 -0.646791 -0.108912 0.000191 
0.070001 -0.509842 0.166133 -0.643358 -0.108912 0.000191 
0.066949 -0.508698 0.163081 -0.643358 -0.108912 0.000191 
0.064279 -0.506790 0.160029 -0.636110 -0.108912 0.000191 
0.061227 -0.504883 0.156596 -0.631914 -0.108912 0.000191 
0.058175 -0.503357 0.153543 -0.626955 -0.108912 0.000191 
0.053979 -0.501831 0.150110 -0.621996 -0.108912 0.000191 
0.050927 -0.500687 0.147058 -0.616655 -0.108912 0.000191 
0.047875 -0.499542 0.143625 -0.610170 -0.108912 0.000191 
0.044061 -0.498779 0.140574 -0.604448 -0.108912 0.000191 
0.039483 -0.498016 0.137140 -0.597582 -0.108912 0.000191 
0.036431 -0.497253 0.134089 -0.590714 -0.108912 0.000191 
0.032617 -0.496490 0.130655 -0.590714 -0.108912 0.000191 
0.028419 -0.496109 0.127985 -0.590714 -0.108912 0.000191 
0.024605 -0.495346 0.124552 -0.565537 -0.108912 0.000191 
0.021553 -0.494583 0.122263 -0.556764 -0.108912 0.000191 
0.018120 -0.493820 0.118067 -0.556764 -0.108912 0.000191 
0.015450 -0.493057 0.118067 -0.556764 -0.108912 0.000191 
0.013542 -0.491150 0.111963 -0.528534 -0.108912 0.000191 
0.012016 -0.490005 0.108912 -0.519379 -0.108912 0.000191 
0.010490 -0.488861 0.105097 -0.508698 -0.108912 0.000191 
0.009727 -0.487717 0.102045 -0.498398 -0.108912 0.000191 
0.009346 -0.486572 0.098230 -0.489624 -0.108912 0.000191 
0.008965 -0.486191 0.094416 -0.479324 -0.108912 0.000191 
0.008965 -0.485809 0.091363 -0.469406 -0.108912 0.000191 
0.008965 -0.485809 0.087930 -0.458724 -0.108912 0.000191 
0.009346 -0.485428 0.084115 -0.449569 -0.108912 0.000191 
0.009727 -0.485428 0.079919 -0.441558 -0.108912 0.000191 
0.009727 -0.485428 0.076867 -0.433166 -0.108912 0.000191 
0.009727 -0.485428 0.073052 -0.433166 -0.108912 0.000191 
0.010109 -0.485809 0.068475 -0.416762 -0.108912 0.000191 
0.010109 -0.485809 0.065042 -0.408751 -0.108912 0.000191 
0.010109 -0.485809 0.061227 -0.399214 -0.108912 0.000191 
0.010490 -0.485809 0.056649 -0.391203 -0.108912 0.000191 
0.010490 -0.485428 0.053216 -0.382811 -0.108912 0.000191 
0.010490 -0.485428 0.049020 -0.373655 -0.108912 0.000191 
0.010490 -0.485428 0.045587 -0.366026 -0.108912 0.000191 
0.010490 -0.485046 0.041390 -0.356489 -0.108912 0.000191 
0.010490 -0.485046 0.038339 -0.347715 -0.108912 0.000191 
0.010490 -0.484665 0.034905 -0.340085 -0.108912 0.000191 
0.010490 -0.484283 0.031090 -0.332074 -0.108912 0.000191 
0.010490 -0.484283 0.028801 -0.323682 -0.108912 0.000191 
0.010872 -0.483902 0.028801 -0.323682 -0.108912 0.000191 
0.011253 -0.482758 0.023460 -0.307660 -0.108912 0.000191 
0.011635 -0.481232 0.021172 -0.299649 -0.108912 0.000191 
0.012398 -0.479706 0.017738 -0.292401 -0.108912 0.000191 
0.012398 -0.478180 0.016594 -0.285153 -0.108912 0.000191 
0.012016 -0.476273 0.014687 -0.278667 -0.108912 0.000191 
0.012398 -0.474365 0.012016 -0.278667 -0.108912 0.000191 
0.012398 -0.473221 0.010872 -0.265697 -0.108912 0.000191 
0.012398 -0.472076 0.009346 -0.260357 -0.108912 0.000191 
0.012398 -0.470932 0.008202 -0.256161 -0.108912 0.000191 
0.012398 -0.468261 0.007057 -0.251965 -0.108912 0.000191 
0.012398 -0.466353 0.005531 -0.248913 -0.108912 0.000191 
0.012398 -0.465209 0.004768 -0.245861 -0.108912 0.000191 
0.012398 -0.463683 0.004387 -0.244335 -0.108912 0.000191 
0.012398 -0.462157 0.004387 -0.244335 -0.108912 0.000191 
0.012398 -0.461013 0.004387 -0.243954 -0.108912 0.000191 
0.012398 -0.460250 0.004387 -0.243954 -0.108912 0.000191 
0.012398 -0.459487 0.004387 -0.243954 -0.108912 0.000191 
0.012398 -0.458724 0.004387 -0.243954 -0.108912 0.000191 
0.012398 -0.457580 0.004387 -0.243954 -0.108912 0.000191 
0.012398 -0.457198 0.004387 -0.243954 -0.108912 0.000191 
0.012398 -0.457198 0.004387 -0.243954 -0.108912 0.000191 
0.012398 -0.456435 0.004387 -0.243954 -0.108912 0.000191 
0.012398 -0.455672 0.004387 -0.243954 -0.108912 0.000191 
0.012398 -0.455291 0.004387 -0.243954 -0.108912 0.000191 
0.012398 -0.454528 0.004387 -0.243954 -0.108912 0.000191 
0.012016 -0.454146 0.004387 -0.243954 -0.108912 0.000191 
0.012016 -0.453765 0.004768 -0.243954 -0.108912 0.000191 
0.012016 -0.453765 0.004768 -0.243954 -0.108912 0.000191 
0.012016 -0.453765 0.005150 -0.243954 -0.108912 0.000191 
0.012016 -0.453765 0.005531 -0.243954 -0.108912 0.000191 
0.012016 -0.453765 0.005913 -0.243954 -0.108912 0.000191 
0.012016 -0.453765 0.006294 -0.243954 -0.108912 0.000191 
0.012016 -0.453765 0.006294 -0.243954 -0.108912 0.000191 
0.012016 -0.453765 0.007057 -0.243954 -0.108912 0.000191 
0.012016 -0.453765 0.007439 -0.243954 -0.108912 0.000191 
0.012016 -0.453765 0.007439 -0.243954 -0.108912 0.000191 
0.012016 -0.453765 0.007439 -0.243954 -0.108912 0.000191 
0.012016 -0.453765 0.007820 -0.243954 -0.108912 0.000191 
0.012016 -0.453765 0.007820 -0.243954 -0.108912 0.000191 
0.012016 -0.453765 0.007820 -0.243954 -0.108912 0.000191 
0.012016 -0.453765 0.007820 -0.243954 -0.108912 0.000191 
0.012016 -0.453765 0.007820 -0.243954 -0.108912 0.000191 
0.012016 -0.453765 0.007820 -0.243954 -0.108912 0.000191 
0.012016 -0.453765 0.007820 -0.243954 -0.108912 0.000191 
0.012016 -0.453765 0.007820 -0.243954 -0.108912 0.000191 
0.012016 -0.453765 0.007820 -0.243954 -0.108912 0.000191 
0.012016 -0.453765 0.007820 -0.243954 -0.108912 0.000191 
0.012016 -0.453765 0.007820 -0.243954 -0.108912 0.000191 
0.012016 -0.453765 0.007820 -0.243954 -0.108912 0.000191 
0.012016 -0.453765 0.007439 -0.243954 -0.108912 0.000191 
0.012016 -0.453765 0.007439 -0.243954 -0.108912 0.000191 
0.012016 -0.453765 0.007439 -0.243954 -0.108912 0.000191 
0.012016 -0.453765 0.007820 -0.243954 -0.108912 0.000191 
0.012016 -0.453765 0.007820 -0.243954 -0.108912 0.000191 
0.012016 -0.453765 0.007820 -0.243954 -0.108912 0.000191 
0.012016 -0.453765 0.007820 -0.243954 -0.108912 0.000191 
0.012016 -0.453765 0.007820 -0.243954 -0.108912 0.000191 
0.012016 -0.453765 0.007820 -0.243954 -0.108912 0.000191 
0.012016 -0.453765 0.007820 -0.243954 -0.108912 0.000191 
0.012016 -0.453765 0.007820 -0.243954 -0.108912 0.000191 
0.012016 -0.453765 0.007820 -0.243954 -0.108912 0.000191 
0.012016 -0.453765 0.007820 -0.243954 -0.108912 0.000191 
0.012016 -0.453765 0.007820 -0.243954 -0.108912 0.000191 
0.012016 -0.453765 0.007820 -0.244335 -0.108912 0.000191 
0.012016 -0.453765 0.007820 -0.243954 -0.108912 0.000191 
0.012016 -0.453765 0.007820 -0.244335 -0.108912 0.000191 
0.012016 -0.453765 0.007820 -0.244335 -0.108912 0.000191 
0.012016 -0.453765 0.007439 -0.244335 -0.108912 0.000191 
0.012398 -0.453765 0.007439 -0.244335 -0.108912 0.000191 
0.012398 -0.453765 0.007439 -0.244335 -0.108912 0.000191 
0.012779 -0.453383 0.007057 -0.244335 -0.108912 0.000191 
0.013924 -0.453383 0.007057 -0.244335 -0.108912 0.000191 
0.014687 -0.453002 0.006676 -0.244335 -0.108912 0.000191 
0.015068 -0.453383 0.006676 -0.244335 -0.108912 0.000191 
0.016594 -0.453002 0.006676 -0.244335 -0.108912 0.000191 
0.018120 -0.453002 0.006676 -0.244717 -0.108912 0.000191 
0.019646 -0.452621 0.005913 -0.244717 -0.108912 0.000191 
0.019646 -0.450713 0.005913 -0.244717 -0.108912 0.000191 
0.018883 -0.448043 0.005150 -0.244717 -0.108912 0.000191 
0.018883 -0.444228 0.004387 -0.245098 -0.108912 0.000191 
0.018883 -0.438888 0.003242 -0.245098 -0.108912 0.000191 
0.018501 -0.434310 0.002480 -0.245098 -0.108912 0.000191 
0.018120 -0.428206 0.000572 -0.245098 -0.108912 0.000191 
0.018120 -0.421721 -0.000572 -0.245098 -0.108912 0.000191 
0.018120 -0.415618 -0.002480 -0.245098 -0.108912 0.000191 
0.018120 -0.409133 -0.005150 -0.245098 -0.108912 0.000191 
0.018501 -0.402266 -0.007439 -0.245098 -0.108912 0.000191 
0.018501 -0.395399 -0.010109 -0.245098 -0.108912 0.000191 
0.018883 -0.387388 -0.013542 -0.245098 -0.108912 0.000191 
0.018883 -0.380903 -0.016594 -0.245098 -0.108912 0.000191 
0.018883 -0.372892 -0.020790 -0.245098 -0.108912 0.000191 
0.018883 -0.365644 -0.023842 -0.245098 -0.108912 0.000191 
0.018883 -0.358778 -0.028038 -0.245098 -0.108912 0.000191 
0.018883 -0.352293 -0.029564 -0.247005 -0.108912 0.000191 
0.019264 -0.347334 -0.027657 -0.250439 -0.108912 0.000191 
0.019264 -0.343137 -0.026512 -0.253872 -0.108912 0.000191 
0.018883 -0.337415 -0.026894 -0.256542 -0.108912 0.000191 
0.018883 -0.332837 -0.027275 -0.258450 -0.108912 0.000191 
0.018883 -0.327878 -0.028038 -0.260738 -0.108912 0.000191 
0.018883 -0.323682 -0.028419 -0.264935 -0.108912 0.000191 
0.018883 -0.321012 -0.028419 -0.264935 -0.108912 0.000191 
0.018883 -0.316815 -0.028038 -0.272182 -0.108912 0.000191 
0.018883 -0.313001 -0.028038 -0.276379 -0.108912 0.000191 
0.018883 -0.310330 -0.028038 -0.280956 -0.108912 0.000191 
0.018883 -0.307660 -0.028038 -0.284772 -0.108912 0.000191 
0.018883 -0.304227 -0.028038 -0.289350 -0.108912 0.000191 
0.018883 -0.300794 -0.028038 -0.293546 -0.108912 0.000191 
0.018883 -0.298123 -0.028038 -0.297742 -0.108912 0.000191 
0.018883 -0.296216 -0.028038 -0.302701 -0.108912 0.000191 
0.018883 -0.292020 -0.028038 -0.306897 -0.108912 0.000191 
0.018883 -0.288968 -0.028038 -0.311093 -0.108912 0.000191 
0.018883 -0.286298 -0.028038 -0.316052 -0.108912 0.000191 
0.018883 -0.283628 -0.028038 -0.321012 -0.108912 0.000191 
0.018883 -0.279430 -0.028038 -0.325208 -0.108912 0.000191 
0.018883 -0.276379 -0.028038 -0.330167 -0.108912 0.000191 
0.018883 -0.274090 -0.028038 -0.335507 -0.108912 0.000191 
0.018883 -0.271420 -0.028038 -0.335507 -0.108912 0.000191 
0.018883 -0.267223 -0.028038 -0.346189 -0.108912 0.000191 
0.018883 -0.263027 -0.028038 -0.351530 -0.108912 0.000191 
0.018883 -0.260357 -0.028038 -0.356871 -0.108912 0.000191 
0.018883 -0.256542 -0.028038 -0.362593 -0.108912 0.000191 
0.018883 -0.251583 -0.028038 -0.369078 -0.108912 0.000191 
0.018883 -0.247387 -0.028038 -0.375181 -0.108912 0.000191 
0.018883 -0.242809 -0.028038 -0.381285 -0.108912 0.000191 
0.018883 -0.237087 -0.028038 -0.387007 -0.108912 0.000191 
0.018883 -0.232128 -0.028038 -0.393492 -0.108912 0.000191 
0.018883 -0.226025 -0.028038 -0.399977 -0.108912 0.000191 
0.018883 -0.219921 -0.028038 -0.406463 -0.108912 0.000191 
0.018883 -0.213054 -0.028038 -0.413711 -0.108912 0.000191 
0.018883 -0.206950 -0.028038 -0.413711 -0.108912 0.000191 
0.018883 -0.198939 -0.028038 -0.427062 -0.108912 0.000191 
0.018883 -0.191691 -0.028038 -0.433928 -0.108912 0.000191 
0.018883 -0.184825 -0.028038 -0.440795 -0.108912 0.000191 
0.018883 -0.177958 -0.028038 -0.448424 -0.108912 0.000191 
0.019264 -0.171092 -0.028038 -0.455291 -0.108912 0.000191 
0.019264 -0.163463 -0.028038 -0.462539 -0.108912 0.000191 
0.019646 -0.157359 -0.028038 -0.469788 -0.108912 0.000191 
0.019646 -0.150492 -0.028038 -0.477798 -0.108912 0.000191 
0.019646 -0.144770 -0.028038 -0.483902 -0.108912 0.000191 
0.019646 -0.138666 -0.028038 -0.490768 -0.108912 0.000191 
0.019646 -0.134470 -0.028038 -0.497253 -0.108912 0.000191 
0.019646 -0.129511 -0.028038 -0.504120 -0.108912 0.000191 
0.019646 -0.124933 -0.028038 -0.509460 -0.108912 0.000191 
0.019646 -0.122644 -0.028038 -0.515182 -0.108912 0.000191 
0.020027 -0.119593 -0.028419 -0.518997 -0.108912 0.000191 
0.020027 -0.117304 -0.028038 -0.518997 -0.108912 0.000191 
0.020409 -0.116159 -0.028419 -0.517471 -0.108912 0.000191 
0.020409 -0.115778 -0.028038 -0.515945 -0.108912 0.000191 
0.020409 -0.115778 -0.028038 -0.515945 -0.108912 0.000191 
0.021172 -0.115778 -0.028038 -0.515945 -0.108912 0.000191 
0.021553 -0.115778 -0.028038 -0.515945 -0.108912 0.000191 
0.021553 -0.115778 -0.028038 -0.515945 -0.108912 0.000191 
0.021553 -0.115778 -0.028038 -0.515945 -0.108912 0.000191 
0.021553 -0.115778 -0.028038 -0.515945 -0.108912 0.000191 
0.021553 -0.115778 -0.028038 -0.515945 -0.108912 0.000191 
0.021553 -0.115778 -0.028038 -0.515945 -0.108912 0.000191 
0.021553 -0.115778 -0.028038 -0.515945 -0.108912 0.000191 
0.021553 -0.115778 -0.028038 -0.515945 -0.108912 0.000191 
0.021553 -0.115778 -0.028038 -0.515945 -0.108912 0.000191 
0.021553 -0.115778 -0.028038 -0.515945 -0.108912 0.000191 
0.021553 -0.115778 -0.028038 -0.515945 -0.108912 0.000191 
0.021553 -0.115778 -0.028038 -0.515945 -0.108912 0.000191 
0.021553 -0.116159 -0.028038 -0.515945 -0.108912 0.000191 
0.021553 -0.115778 -0.028038 -0.515945 -0.108912 0.000191 
0.021553 -0.116159 -0.028038 -0.515945 -0.108912 0.000191 
0.021553 -0.116159 -0.028038 -0.515945 -0.108912 0.000191 
0.021553 -0.116159 -0.028038 -0.515945 -0.108912 0.000191 
0.021553 -0.116159 -0.028038 -0.515945 -0.108912 0.000191 
0.021553 -0.116159 -0.028038 -0.515945 -0.108912 0.000191 
0.021172 -0.116159 -0.028038 -0.515945 -0.108912 0.000191 
0.021553 -0.116159 -0.028038 -0.515945 -0.108912 0.000191 
0.021172 -0.115778 -0.028038 -0.515945 -0.108912 0.000191 
0.021553 -0.115778 -0.028038 -0.515945 -0.108912 0.000191 
0.021553 -0.115778 -0.028038 -0.515945 -0.108912 0.000191 
0.021172 -0.115778 -0.028038 -0.515945 -0.108912 0.000191 
0.021172 -0.116159 -0.028038 -0.515945 -0.108912 0.000191 
0.021172 -0.115778 -0.028038 -0.515945 -0.108912 0.000191 
0.021172 -0.115778 -0.028038 -0.515945 -0.108912 0.000191 
0.021172 -0.115778 -0.028038 -0.515945 -0.108912 0.000191 
0.021172 -0.115778 -0.028038 -0.515945 -0.108912 0.000191 
0.021172 -0.115778 -0.028038 -0.515945 -0.108912 0.000191 
0.021172 -0.116159 -0.028038 -0.515945 -0.108912 0.000191 
0.021172 -0.116159 -0.028038 -0.515945 -0.108912 0.000191 
0.021172 -0.115778 -0.028038 -0.515945 -0.108912 0.000191 
0.021172 -0.116159 -0.028038 -0.515945 -0.108912 0.000191 
0.021172 -0.116159 -0.028038 -0.515945 -0.108912 0.000191 
0.021172 -0.116159 -0.028038 -0.515945 -0.108912 0.000191 
0.021172 -0.116159 -0.028038 -0.515945 -0.108912 0.000191 
0.021172 -0.115778 -0.028038 -0.515945 -0.108912 0.000191 
0.021172 -0.116159 -0.028038 -0.515945 -0.108912 0.000191 
0.021172 -0.116159 -0.028038 -0.515945 -0.108912 0.000191 
0.021172 -0.116159 -0.028038 -0.515945 -0.108912 0.000191 
0.021172 -0.116159 -0.028038 -0.515945 -0.108912 0.000191 
0.021172 -0.115778 -0.028038 -0.515945 -0.108912 0.000191 
0.021172 -0.115778 -0.028038 -0.515945 -0.108912 0.000191 
0.021172 -0.116159 -0.028038 -0.515945 -0.108912 0.000191 
0.021172 -0.115778 -0.028038 -0.515945 -0.108912 0.000191 
0.021172 -0.115778 -0.028038 -0.515945 -0.108912 0.000191 
0.021172 -0.115778 -0.028038 -0.515945 -0.108912 0.000191 
0.021172 -0.116159 -0.028038 -0.515945 -0.108912 0.000191 
0.021172 -0.116159 -0.028038 -0.515945 -0.108912 0.000191 
0.021172 -0.115778 -0.028038 -0.515945 -0.108912 0.000191 
0.021172 -0.116159 -0.028038 -0.515945 -0.108912 0.000191 
0.021172 -0.116159 -0.028038 -0.515945 -0.108912 0.000191 
0.021172 -0.116159 -0.028038 -0.515945 -0.108912 0.000191 
0.021172 -0.116159 -0.028038 -0.515945 -0.108912 0.000191 
0.021172 -0.116159 -0.028038 -0.515945 -0.108912 0.000191 
0.021172 -0.116159 -0.028038 -0.515945 -0.108912 0.000191 
0.021172 -0.115778 -0.028038 -0.515945 -0.108912 0.000191 
0.021172 -0.115778 -0.028038 -0.515945 -0.108912 0.000191 
0.021172 -0.116159 -0.028038 -0.515945 -0.108912 0.000191 
0.021172 -0.116159 -0.028038 -0.515945 -0.108912 0.000191 
0.021172 -0.116159 -0.028038 -0.515945 -0.108912 0.000191 
0.021172 -0.115778 -0.028038 -0.515945 -0.108912 0.000191 
0.021172 -0.115778 -0.028038 -0.515945 -0.108912 0.000191 
0.021172 -0.116159 -0.028038 -0.515945 -0.108912 0.000191 
0.021172 -0.115778 -0.028038 -0.515945 -0.108912 0.000191 
0.021172 -0.116159 -0.028038 -0.515945 -0.108912 0.000191 
0.021172 -0.116159 -0.028038 -0.515945 -0.108912 0.000191 
0.021172 -0.116159 -0.028038 -0.515945 -0.108912 0.000191 
0.021172 -0.116159 -0.028038 -0.515945 -0.108912 0.000191 
0.021172 -0.116159 -0.028038 -0.515945 -0.108912 0.000191 
0.021172 -0.116159 -0.028038 -0.515945 -0.108912 0.000191 
0.021172 -0.116159 -0.028038 -0.515945 -0.108912 0.000191 
0.021172 -0.116159 -0.028038 -0.515945 -0.108912 0.000191 
0.021172 -0.115778 -0.028038 -0.515945 -0.108912 0.000191 
0.021172 -0.116159 -0.028038 -0.515945 -0.108912 0.000191 
0.021172 -0.116159 -0.028038 -0.515945 -0.108912 0.000191 
0.021172 -0.116159 -0.028038 -0.515945 -0.108912 0.000191 
0.021172 -0.116159 -0.028038 -0.515945 -0.108912 0.000191 
0.021172 -0.116159 -0.028038 -0.515945 -0.108912 0.000191 
0.021172 -0.115778 -0.028038 -0.515945 -0.108912 0.000191 
0.021172 -0.115778 -0.028038 -0.515945 -0.108912 0.000191 
0.021172 -0.116159 -0.028038 -0.515945 -0.108912 0.000191 
0.021172 -0.116159 -0.028038 -0.515945 -0.108912 0.000191 
0.021172 -0.115778 -0.028038 -0.515945 -0.108912 0.000191 
0.021172 -0.116159 -0.028038 -0.515945 -0.108912 0.000191 
0.021172 -0.116159 -0.028038 -0.515945 -0.108912 0.000191 
0.021172 -0.116159 -0.028038 -0.515945 -0.108912 0.000191 
0.021172 -0.116159 -0.028038 -0.515945 -0.108912 0.000191 
0.021172 -0.116159 -0.028038 -0.515945 -0.108912 0.000191 
0.021172 -0.115778 -0.028038 -0.515945 -0.108912 0.000191 
0.021172 -0.116159 -0.028038 -0.515945 -0.108912 0.000191 
0.021172 -0.116159 -0.028038 -0.515945 -0.108912 0.000191 
0.021172 -0.116159 -0.028038 -0.515945 -0.108912 0.000191 
0.021172 -0.115778 -0.028038 -0.515945 -0.108912 0.000191 
0.021172 -0.116159 -0.028038 -0.515945 -0.108912 0.000191 
0.021172 -0.116159 -0.028038 -0.515945 -0.108912 0.000191 
0.021172 -0.116159 -0.028038 -0.515945 -0.108912 0.000191 
0.021172 -0.116159 -0.028038 -0.515945 -0.108912 0.000191 
0.021172 -0.116159 -0.028038 -0.515945 -0.108912 0.000191 
0.021172 -0.116159 -0.028038 -0.515945 -0.108912 0.000191 
0.021172 -0.116159 -0.028038 -0.515945 -0.108912 0.000191 
0.021172 -0.116159 -0.028038 -0.515945 -0.108912 0.000191 
0.021172 -0.116159 -0.028038 -0.515945 -0.108912 0.000191 
0.021172 -0.116159 -0.028038 -0.515945 -0.108912 0.000191 
0.021172 -0.115778 -0.028038 -0.515945 -0.108912 0.000191 
0.021172 -0.116159 -0.028038 -0.515945 -0.108912 0.000191 
0.021172 -0.115778 -0.028038 -0.515945 -0.108912 0.000191 
0.021172 -0.115778 -0.028038 -0.515945 -0.108912 0.000191 
0.021172 -0.115778 -0.028038 -0.515945 -0.108912 0.000191 
0.021172 -0.115778 -0.028038 -0.515945 -0.108912 0.000191 
0.021172 -0.115778 -0.028038 -0.515945 -0.108912 0.000191 
0.021172 -0.115778 -0.028038 -0.515945 -0.108912 0.000191 
0.021172 -0.115778 -0.028038 -0.515945 -0.108912 0.000191 
0.021172 -0.116159 -0.028038 -0.515945 -0.108912 0.000191 
0.021172 -0.116159 -0.028038 -0.515945 -0.108912 0.000191 
0.021172 -0.116159 -0.028038 -0.515945 -0.108912 0.000191 
0.021172 -0.115778 -0.028038 -0.515945 -0.108912 0.000191 
0.021172 -0.115778 -0.028038 -0.515945 -0.108912 0.000191 
0.021172 -0.116159 -0.028038 -0.515945 -0.108912 0.000191 
0.021172 -0.115778 -0.028038 -0.515945 -0.108912 0.000191 
0.021172 -0.116159 -0.028038 -0.515945 -0.108912 0.000191 
0.021172 -0.116159 -0.028038 -0.515945 -0.108912 0.000191 
0.021172 -0.116159 -0.028038 -0.515945 -0.108912 0.000191 
0.021172 -0.116159 -0.028038 -0.515945 -0.108912 0.000191 
0.021172 -0.115778 -0.028038 -0.515945 -0.108912 0.000191 
0.021172 -0.116159 -0.028038 -0.515945 -0.108912 0.000191 
0.021172 -0.116159 -0.028038 -0.515945 -0.108912 0.000191 
0.021172 -0.116159 -0.028038 -0.515945 -0.108912 0.000191 
0.021172 -0.116159 -0.028038 -0.515945 -0.108912 0.000191 
0.021172 -0.116159 -0.028038 -0.515945 -0.108912 0.000191 
0.021172 -0.116159 -0.028038 -0.515945 -0.108912 0.000191 
0.021172 -0.116159 -0.028038 -0.515945 -0.108912 0.000191 
0.021172 -0.115778 -0.028038 -0.515945 -0.108912 0.000191 
0.021172 -0.115778 -0.028038 -0.515945 -0.108912 0.000191 
0.021172 -0.115778 -0.028038 -0.515945 -0.108912 0.000191 
0.021172 -0.116159 -0.028038 -0.515945 -0.108912 0.000191 
0.021172 -0.116159 -0.028038 -0.515945 -0.108912 0.000191 
0.021172 -0.115778 -0.028038 -0.515945 -0.108912 0.000191 
0.021172 -0.116159 -0.028038 -0.515945 -0.108912 0.000191 
0.021172 -0.115778 -0.028038 -0.515945 -0.108912 0.000191 
0.021172 -0.115778 -0.028038 -0.515945 -0.108912 0.000191 
0.021172 -0.115778 -0.028038 -0.515945 -0.108912 0.000191 
0.021172 -0.116159 -0.028038 -0.515945 -0.108912 0.000191 
0.021172 -0.116159 -0.028038 -0.515945 -0.108912 0.000191 
0.021172 -0.116159 -0.028038 -0.515945 -0.108912 0.000191 
0.021172 -0.116159 -0.028038 -0.515945 -0.108912 0.000191 
0.021172 -0.115778 -0.028038 -0.515945 -0.108912 0.000191 
0.021172 -0.115778 -0.028038 -0.515945 -0.108912 0.000191 
0.021172 -0.115778 -0.028038 -0.515945 -0.108912 0.000191 
0.021172 -0.115778 -0.028038 -0.515945 -0.108912 0.000191 
0.021172 -0.116159 -0.028038 -0.515945 -0.108912 0.000191 
0.021172 -0.115778 -0.028038 -0.515945 -0.108912 0.000191 
0.021172 -0.115778 -0.028038 -0.515945 -0.108912 0.000191 
0.021172 -0.116159 -0.028038 -0.515945 -0.108912 0.000191 
0.021172 -0.116159 -0.028038 -0.515945 -0.108912 0.000191 
0.021172 -0.116159 -0.028038 -0.515945 -0.108912 0.000191 
0.021172 -0.115778 -0.028038 -0.515945 -0.108912 0.000191 
0.021172 -0.116159 -0.028038 -0.515945 -0.108912 0.000191 
0.021172 -0.115778 -0.028038 -0.515945 -0.108912 0.000191 
0.021172 -0.116159 -0.028038 -0.515945 -0.108912 0.000191 
0.021172 -0.115778 -0.028038 -0.515945 -0.108912 0.000191 
0.021172 -0.116159 -0.028038 -0.515945 -0.108912 0.000191 
0.021172 -0.115778 -0.028038 -0.515945 -0.108912 0.000191 
0.021172 -0.116159 -0.028038 -0.515945 -0.108912 0.000191 
0.021172 -0.115778 -0.028038 -0.515945 -0.108912 0.000191 
0.021172 -0.116159 -0.028038 -0.515945 -0.108912 0.000191 
0.021172 -0.116159 -0.028038 -0.515945 -0.108912 0.000191 
0.021172 -0.115778 -0.028038 -0.515945 -0.108912 0.000191 
0.021172 -0.115778 -0.028038 -0.515945 -0.108912 0.000191 
0.021172 -0.115778 -0.028038 -0.515945 -0.108912 0.000191 
0.021172 -0.115778 -0.028038 -0.515945 -0.108912 0.000191 
0.021172 -0.116159 -0.028038 -0.515945 -0.108912 0.000191 
0.021172 -0.115778 -0.028038 -0.515945 -0.108912 0.000191 
0.021172 -0.116159 -0.028038 -0.515945 -0.108912 0.000191 
0.021172 -0.115778 -0.028038 -0.515945 -0.108912 0.000191 
0.021172 -0.116159 -0.028038 -0.515945 -0.108912 0.000191 
0.021172 -0.116159 -0.028038 -0.515945 -0.108912 0.000191 
0.021172 -0.116159 -0.028038 -0.515945 -0.108912 0.000191 
0.021172 -0.116159 -0.028038 -0.515945 -0.108912 0.000191 
0.021172 -0.116159 -0.028038 -0.515945 -0.108912 0.000191 
0.021172 -0.115778 -0.028038 -0.515945 -0.108912 0.000191 
0.021172 -0.115778 -0.028038 -0.515945 -0.108912 0.000191 
0.021172 -0.115778 -0.028038 -0.515945 -0.108912 0.000191 
0.021172 -0.116159 -0.028038 -0.515945 -0.108912 0.000191 
0.021172 -0.116159 -0.028038 -0.515945 -0.108912 0.000191 
0.021172 -0.115778 -0.028038 -0.515945 -0.108912 0.000191 
0.021172 -0.116159 -0.028038 -0.515945 -0.108912 0.000191 
0.021172 -0.115778 -0.028038 -0.515945 -0.108912 0.000191 
0.021172 -0.116159 -0.028038 -0.515945 -0.108912 0.000191 
0.021172 -0.116159 -0.028038 -0.515945 -0.108912 0.000191 
0.021172 -0.116159 -0.028038 -0.515945 -0.108912 0.000191 
0.021172 -0.116159 -0.028038 -0.515945 -0.108912 0.000191 
0.021172 -0.115778 -0.028038 -0.515945 -0.108912 0.000191 
0.021172 -0.115778 -0.028038 -0.515945 -0.108912 0.000191 
0.021172 -0.116159 -0.028038 -0.515945 -0.108912 0.000191 
0.021172 -0.115778 -0.028038 -0.515945 -0.108912 0.000191 
0.021172 -0.116159 -0.028038 -0.515945 -0.108912 0.000191 
0.021172 -0.115778 -0.028038 -0.515945 -0.108912 0.000191 
0.021172 -0.116159 -0.028038 -0.515945 -0.108912 0.000191 
0.021172 -0.115778 -0.028038 -0.515945 -0.108912 0.000191 
0.021172 -0.116159 -0.028038 -0.515945 -0.108912 0.000191 
0.021172 -0.115778 -0.028038 -0.515945 -0.108912 0.000191 
0.021172 -0.115778 -0.028038 -0.515945 -0.108912 0.000191 
0.021172 -0.116159 -0.028038 -0.515945 -0.108912 0.000191 
